7.294032364248278e-17 1.549464322019652e-17 2.0315309126210074e-17 1.5494643220196525e-17 2.0315309126210074e-17 1.08807951748371e-17 1.0176125123197441e-18 1.0176125123197441e-18 1.0176125123197441e-18 1.0176125123197441e-18 -1.5201603903573897e-17 1.4951245224116072e-17 1.4951245224116072e-17 -1.5715970753029636e-17 1.08807951748371e-17
1.549464322019652e-17 0.0014569285866717666 0.0019102056234808803 0.001456928586671767 0.0019102056234808803 2.3113969169166408e-18 0.0 0.0 0.0 0.0 -3.2292621844556256e-18 3.1760787295220757e-18 3.1760787295220757e-18 -3.3385286425492016e-18 2.3113969169166408e-18
2.0315309126210074e-17 0.0019102056234808803 0.002504505407717723 0.001910205623480881 0.002504505407717723 3.030514624520339e-18 0.0 0.0 0.0 0.0 -4.233944505497585e-18 4.164214708430258e-18 4.164214708430258e-18 -4.377205750158171e-18 3.030514624520339e-18
1.5494643220196525e-17 0.001456928586671767 0.001910205623480881 0.0014569285866717675 0.001910205623480881 2.3113969169166416e-18 0.0 0.0 0.0 0.0 -3.2292621844556268e-18 3.1760787295220764e-18 3.1760787295220764e-18 -3.3385286425492028e-18 2.3113969169166416e-18
2.0315309126210074e-17 0.0019102056234808803 0.002504505407717723 0.001910205623480881 0.002504505407717723 3.030514624520339e-18 0.0 0.0 0.0 0.0 -4.233944505497585e-18 4.164214708430258e-18 4.164214708430258e-18 -4.377205750158171e-18 3.030514624520339e-18
1.08807951748371e-17 2.3113969169166408e-18 3.030514624520339e-18 2.3113969169166416e-18 3.030514624520339e-18 1.6231310436330886e-18 1.5180126384102842e-19 1.5180126384102842e-19 1.5180126384102842e-19 1.5180126384102842e-19 -2.2676830886373285e-18 2.230336098997202e-18 2.230336098997202e-18 -2.344413216146585e-18 1.6231310436330886e-18
1.0176125123197441e-18 0.0 0.0 0.0 0.0 1.5180126384102842e-19 0.0019454613103378146 0.0019454613103378146 0.0019454613103378146 0.0019454613103378146 -2.1208217302994836e-19 2.08589343384266e-19 2.08589343384266e-19 -2.1925826049144937e-19 1.5180126384102842e-19
1.0176125123197441e-18 0.0 0.0 0.0 0.0 1.5180126384102842e-19 0.0019454613103378146 0.0019454613103378146 0.0019454613103378146 0.0019454613103378146 -2.1208217302994836e-19 2.08589343384266e-19 2.08589343384266e-19 -2.1925826049144937e-19 1.5180126384102842e-19
1.0176125123197441e-18 0.0 0.0 0.0 0.0 1.5180126384102842e-19 0.0019454613103378146 0.0019454613103378146 0.0019454613103378146 0.0019454613103378146 -2.1208217302994836e-19 2.08589343384266e-19 2.08589343384266e-19 -2.1925826049144937e-19 1.5180126384102842e-19
1.0176125123197441e-18 0.0 0.0 0.0 0.0 1.5180126384102842e-19 0.0019454613103378146 0.0019454613103378146 0.0019454613103378146 0.0019454613103378146 -2.1208217302994836e-19 2.08589343384266e-19 2.08589343384266e-19 -2.1925826049144937e-19 1.5180126384102842e-19
-1.5201603903573897e-17 -3.2292621844556256e-18 -4.233944505497585e-18 -3.2292621844556268e-18 -4.233944505497585e-18 -2.2676830886373285e-18 -2.1208217302994836e-19 -2.1208217302994836e-19 -2.1208217302994836e-19 -2.1208217302994836e-19 3.1681894143195125e-18 -3.1160117807571215e-18 -3.1160117807571215e-18 3.2753893925494037e-18 -2.2676830886373285e-18
1.4951245224116072e-17 3.1760787295220757e-18 4.164214708430258e-18 3.1760787295220764e-18 4.164214708430258e-18 2.230336098997202e-18 2.08589343384266e-19 2.08589343384266e-19 2.08589343384266e-19 2.08589343384266e-19 -3.1160117807571215e-18 3.064693472534265e-18 3.064693472534265e-18 -3.221446258112382e-18 2.230336098997202e-18
1.4951245224116072e-17 3.1760787295220757e-18 4.164214708430258e-18 3.1760787295220764e-18 4.164214708430258e-18 2.230336098997202e-18 2.08589343384266e-19 2.08589343384266e-19 2.08589343384266e-19 2.08589343384266e-19 -3.1160117807571215e-18 3.064693472534265e-18 3.064693472534265e-18 -3.221446258112382e-18 2.230336098997202e-18
-1.5715970753029636e-17 -3.3385286425492016e-18 -4.377205750158171e-18 -3.3385286425492028e-18 -4.377205750158171e-18 -2.344413216146585e-18 -2.1925826049144937e-19 -2.1925826049144937e-19 -2.1925826049144937e-19 -2.1925826049144937e-19 3.2753893925494037e-18 -3.221446258112382e-18 -3.221446258112382e-18 3.3862166271802373e-18 -2.344413216146585e-18
1.08807951748371e-17 2.3113969169166408e-18 3.030514624520339e-18 2.3113969169166416e-18 3.030514624520339e-18 1.6231310436330886e-18 1.5180126384102842e-19 1.5180126384102842e-19 1.5180126384102842e-19 1.5180126384102842e-19 -2.2676830886373285e-18 2.230336098997202e-18 2.230336098997202e-18 -2.344413216146585e-18 1.6231310436330886e-18