-1.5498390933090267e-15 4.108839879501672e-16 7.032731360618592e-16 -9.307763614072574e-19 -9.307763614072574e-19 -2.7679604275025543e-16 -5.562279219635045e-19 -5.562279219635045e-19 1.0512562494528032e-15 4.108839879501672e-16 -2.767960427502553e-16 -9.30776361407257e-19 -9.30776361407257e-19 -5.562279219635045e-19 -5.562279219635045e-19 7.03273136061859e-16 1.0512562494528032e-15 1.3306199748093246e-16 5.795287436673879e-34 -7.382761826446639e-35 -3.6081893948607434e-34 3.6081893948607434e-34 7.382761826446639e-35 -5.795287436673879e-34 8.973537426479019e-17 1.6893402897575245e-19 1.6893402897575245e-19 -9.519051054560377e-17 1.8330266046817638e-19 1.8330266046817638e-19 -8.786758306667629e-17 2.0553418093514596e-19 2.0553418093514596e-19 1.0726170757891677e-16 3.4152663998557914e-18 3.4152663998557914e-18 3.4152663998557914e-18 3.4152663998557914e-18 1.5290303735849826e-20 1.5290303735849826e-20 1.5290303735849826e-20 1.5290303735849826e-20 2.530351211773482e-19 2.530351211773482e-19 1.682412655070186e-18 1.682412655070186e-18 1.682412655070186e-18 1.682412655070186e-18 1.682412655070186e-18 1.682412655070186e-18 1.682412655070186e-18 1.682412655070186e-18 2.900974032097564e-18 2.900974032097564e-18 2.900974032097564e-18 2.900974032097564e-18 3.7923561085952567e-19 3.7923561085952567e-19 -4.320985437450948e-34 4.320985437450948e-34 -4.320985437450948e-34 4.320985437450948e-34 2.8855430368907636e-18 2.8855430368907636e-18 2.8855430368907636e-18 2.8855430368907636e-18 1.0420658761026541e-20 1.0420658761026541e-20 1.0420658761026541e-20 1.0420658761026541e-20 -1.6458299043100814e-16 -5.505293211680812e-19 -5.505293211680812e-19 1.6787368586610324e-16 2.7742756535140234e-21 2.7742756535140234e-21 2.7742756535140234e-21 2.7742756535140234e-21 5.317273272999422e-19 5.317273272999422e-19 1.3496292073306812e-16 1.1022697266392495e-16 -4.6742044891622236e-21 -4.6742044891622236e-21 -4.6742044891622236e-21 -4.6742044891622236e-21 3.9648996646160456e-19 3.9648996646160456e-19 1.3344447925044597e-19 1.3344447925044597e-19 -5.50529321168081e-19 -5.50529321168081e-19 1.1022697266392495e-16 3.7923561085952567e-19 3.7923561085952567e-19 -4.6742044891622236e-21 -4.6742044891622236e-21 -4.6742044891622236e-21 -4.6742044891622236e-21 1.3344447925044597e-19 1.3344447925044597e-19 -6.913576699921518e-34 -6.913576699921518e-34 6.913576699921518e-34 6.913576699921518e-34 2.7742756535140234e-21 2.7742756535140234e-21 2.7742756535140234e-21 2.7742756535140234e-21 -9.80777827770138e-17 -4.559629581771789e-20 -4.559629581771789e-20 -7.104446485626404e-20 -7.104446485626404e-20 -7.104446485626404e-20 -7.104446485626404e-20 -1.7968289806011143e-19 -1.7968289806011143e-19 -1.7968289806011143e-19 -1.7968289806011143e-19 -4.559629581771789e-20 -4.559629581771789e-20 -9.696127456827809e-17 -4.226933637700801e-21 -4.226933637700801e-21 -4.226933637700801e-21 -4.226933637700801e-21 2.614889884527498e-19 2.614889884527498e-19 1.3873892722117162e-19 1.3873892722117162e-19 -1.1244006875937447e-16 -1.0755151805599532e-16 1.3496292073306812e-16 3.9648996646160456e-19 3.9648996646160456e-19 1.5290303735849826e-20 1.5290303735849826e-20 1.5290303735849826e-20 1.5290303735849826e-20 1.0420658761026541e-20 1.0420658761026541e-20 1.0420658761026541e-20 1.0420658761026541e-20 -9.696127456827809e-17 -4.226933637700801e-21 -4.226933637700801e-21 -4.226933637700801e-21 -4.226933637700801e-21 2.614889884527498e-19 2.614889884527498e-19 -1.274760264980342e-19 -1.274760264980342e-19 -1.274760264980342e-19 -1.274760264980342e-19 -1.1782248157988258e-16 -1.4018538083949208e-16 1.6787368586610324e-16 5.317273272999422e-19 5.317273272999422e-19 -1.1244006875937447e-16 1.3873892722117162e-19 1.3873892722117162e-19 -1.4018538083949208e-16 -1.8745849548692771e-16 1.6893402897575245e-19 1.6893402897575245e-19 1.0726170757891677e-16 8.973537426479019e-17 1.3306199748093246e-16 1.8330266046817634e-19 1.8330266046817634e-19 2.8976437183369398e-34 -6.152301522038862e-35 -3.0068244957172864e-34 3.0068244957172864e-34 6.152301522038862e-35 -2.8976437183369398e-34 2.0553418093514596e-19 2.0553418093514596e-19 -9.519051054560377e-17 -8.786758306667629e-17 2.530351211773482e-19 2.530351211773482e-19 -1.0755151805599527e-16
4.108839879501672e-16 0.00526925389711821 -2.326695118397105e-05 -6.362984375894466e-06 -6.3629843758940954e-06 -0.003526503249011436 0.0 0.0 -5.326252632191284e-05 0.0039042997223223525 -0.0035265032490114346 -6.3629843758947095e-06 -6.362984375894401e-06 0.00029786304339915064 0.00029786304339915064 -2.3266951183971045e-05 0.003439004509026442 0.0017020100003170534 0.0 0.0 0.0 0.0 0.0 0.0 -7.515283990702157e-06 0.0 0.0 -0.0012159182091570602 1.253095816545519e-06 1.2530958165454462e-06 -0.0011239234936677009 1.405075199831269e-06 1.4050751998313508e-06 0.0013701099263250885 0.0 0.0 0.0 0.0 1.0127643614668807e-07 1.0127643614672456e-07 1.012764361466016e-07 1.0127643614662997e-07 0.0 0.0 0.0 0.0 0.0 0.0 1.1836356912831714e-05 1.1836356912831714e-05 1.1836356912831714e-05 1.1836356912831714e-05 1.912288898080194e-05 1.912288898080194e-05 1.912288898080194e-05 1.912288898080194e-05 -0.00020308270900389264 -0.00020308270900389264 3.592834385296526e-20 4.1372019273276703e-20 -4.1372019273277094e-20 -3.5928343852964566e-20 1.7851538446007798e-05 1.7851538446007798e-05 1.7851538446007798e-05 1.7851538446007798e-05 0.0 0.0 0.0 0.0 1.4536242542915825e-07 -3.331883438206657e-06 -3.3318834382065406e-06 0.001589614576325286 1.9611814279412344e-08 1.9611814279409158e-08 1.9611814279383416e-08 1.9611814279381454e-08 3.6350006469118326e-06 3.6350006469116916e-06 0.0017238328178854126 0.0003569419073311415 0.0 0.0 0.0 0.0 2.3996148831191845e-06 2.3996148831192895e-06 9.122547281241034e-07 9.122547281241387e-07 -3.3318834382065398e-06 -3.331883438206394e-06 -9.231443115848204e-06 0.0 0.0 0.0 0.0 0.0 0.0 9.12254728124183e-07 9.122547281241475e-07 0.0 0.0 0.0 0.0 0.0 0.0 0.0 0.0 -0.0003205215698578627 0.0 0.0 0.0 0.0 0.0 0.0 0.0 0.0 0.0 0.0 7.884277788818548e-05 7.884277788818548e-05 -0.001240241857802753 0.0 0.0 0.0 0.0 0.0 0.0 0.0 0.0 -0.0010687978289943782 9.007375390633251e-06 0.0017238328178854126 2.3996148831192895e-06 2.399614883119374e-06 1.0127643614672456e-07 1.0127643614663537e-07 1.0127643614658808e-07 1.0127643614667996e-07 7.366536343690262e-08 7.366536343694038e-08 7.36653634368667e-08 7.366536343682894e-08 -0.0009181370778726375 -2.408440640896977e-08 -2.408440640896977e-08 -2.4084406408973133e-08 -2.408440640897285e-08 -0.0001400287595073514 -0.0001400287595073514 -9.074065471064982e-07 -9.074065471065094e-07 -9.074065471065545e-07 -9.07406547106532e-07 1.0406276886622459e-07 -0.0004539545630936773 0.002147289966657346 3.6350006469118678e-06 3.6350006469120088e-06 -0.0010687978289943782 -0.0002399002424906068 -0.00023990024249060684 1.1740441904713808e-05 -0.0006126208153916891 -9.046508098113687e-05 -9.046508098113687e-05 0.0013701099263250885 0.0002905850979216029 0.0012599788326525204 1.2530958165455432e-06 1.2530958165455432e-06 -3.7408759854614954e-22 2.6810319139486176e-21 -1.6868836967793958e-20 1.6868836967794054e-20 -2.6810319139486567e-21 3.740875985467641e-22 1.4050751998313781e-06 1.4050751998313781e-06 -0.0012159182091570602 -0.0008320279030548441 -0.00013550166811960766 -0.00013550166811960766 -0.00034827813069233764
7.032731360618592e-16 -2.326695118397105e-05 0.004890927499181954 0.0 0.0 -0.0019017469850071604 -2.0491467610721093e-06 -2.049146761071983e-06 -2.8723027229841455e-05 -2.326695118397105e-05 -0.001875986053928445 -7.492863369872556e-05 -7.492863369872556e-05 -2.0491467610721093e-06 -2.04914676107192e-06 0.0048254750793872555 -2.8723027229841455e-05 0.0009178475554963293 0.0 0.0 0.0 0.0 0.0 0.0 0.0006216147057644687 6.223539032138282e-07 6.223539032138665e-07 7.991161992512085e-06 0.0 0.0 -0.0006061012749840642 0.0 0.0 -9.004528665133531e-06 1.1017614176843026e-05 1.1017614176843026e-05 1.1017614176843026e-05 1.1017614176843026e-05 5.4615618785683954e-08 5.461561878571865e-08 5.4615618785489685e-08 5.461561878549431e-08 9.321827950809711e-07 9.321827950810284e-07 6.3830243396928315e-06 6.3830243396928315e-06 6.3830243396928315e-06 6.3830243396928315e-06 6.3830243396928315e-06 6.3830243396928315e-06 6.3830243396928315e-06 6.3830243396928315e-06 1.0312452278063497e-05 1.031245227806284e-05 1.031245227806284e-05 1.0312452278063497e-05 1.3971061016368967e-06 1.3971061016367678e-06 0.0 0.0 0.0 0.0 0.0 0.0 0.0 0.0 3.972572061421371e-08 3.972572061422002e-08 3.9725720614328775e-08 3.9725720614325625e-08 -1.5239065531014242e-05 3.203417485080418e-05 3.203417485080418e-05 0.0011579748923162022 1.0576116351746375e-08 1.0576116351744277e-08 1.0576116351750152e-08 1.0576116351749732e-08 0.0 0.0 1.1664626961932971e-06 0.0007635640653552028 -1.515141933145871e-08 -1.5151419331459063e-08 -1.5151419331454113e-08 -1.5151419331454467e-08 0.0 0.0 0.0 0.0 0.0 0.0 0.0007533054308111651 1.3971061016368537e-06 1.3971061016367678e-06 0.0 0.0 0.0 0.0 1.0742443533650215e-05 1.07424435336502e-05 -3.445776397836132e-20 -3.440806643617511e-20 3.440806643617542e-20 3.445776397836124e-20 0.0 0.0 0.0 0.0 2.853962649896368e-06 -1.5562387605498013e-07 -1.556238760550422e-07 0.0 0.0 0.0 0.0 -6.508697700101828e-07 -6.508697700101828e-07 -6.508697700101828e-07 -6.508697700101828e-07 -1.5562387605503392e-07 -1.5562387605498842e-07 -0.0006598045762648216 0.0 0.0 0.0 0.0 9.633268891868008e-07 9.6332688918686e-07 4.735272729213066e-07 4.7352727292111777e-07 6.1673572530422266e-06 -0.0007450306615273332 1.1664626961932971e-06 -2.307093995515407e-05 -2.307093995515407e-05 0.0 0.0 0.0 0.0 0.0 0.0 0.0 0.0 -0.00066882859512954 0.0 0.0 0.0 0.0 9.633268891868897e-07 9.633268891868008e-07 0.0 0.0 0.0 0.0 -1.0909417267972233e-05 -0.000971091890761889 0.0011423511774373432 4.28046991595516e-05 4.2804699159551664e-05 6.1673572530422266e-06 4.7352727292114297e-07 4.735272729212815e-07 -0.0009580450787548696 5.454849501867458e-06 6.223539032138857e-07 6.223539032138282e-07 -9.004528665133531e-06 0.0006132631889985958 0.0009054637045126099 1.4756088005346694e-05 1.4756088005346694e-05 -2.7708777520132e-20 -4.040569921702323e-21 -1.9798651125730803e-20 1.9798651125731787e-20 4.040569921702189e-21 2.770877752013108e-20 1.6545752550669667e-05 1.6545752550669667e-05 7.991161992512085e-06 -0.0005979235903288099 9.321827950809711e-07 9.321827950810571e-07 -0.0007350210269367504
-9.307763614072574e-19 -6.362984375894466e-06 0.0 0.007732721412322202 0.007546490648042155 0.0 -5.603952456691201e-07 -5.603952456693601e-07 -7.855097646679352e-06 -6.36298437589428e-06 3.584533992559952e-05 -0.0007718781861518445 -0.0007718781861518445 -5.603952456691394e-07 -5.603952456693516e-07 -7.492863369872831e-05 -7.855097646679669e-06 0.0 0.0 2.5341728470799566e-06 -1.2385304858166939e-05 1.2385304858166939e-05 -2.5341728470799566e-06 0.0 0.0 0.0 0.0 2.1854018819080267e-06 -0.0015109087126283743 -0.0014981064887114777 0.0 -0.0016798015332919753 -0.0016941564510012277 -2.4625347238507802e-06 1.4026446877547438e-06 1.4026446877547383e-06 0.0 0.0 1.1672465211372152e-05 1.167246521137233e-05 0.0 0.0 0.0 0.0 8.126183253628393e-07 8.126183253628273e-07 0.0 0.0 8.126183253627783e-07 8.126183253627855e-07 0.0 0.0 1.3128710239236841e-06 1.312871023923714e-06 0.0 0.0 0.0 0.0 -1.779841889899318e-05 -1.7798418898993057e-05 1.7798418898993057e-05 1.779841889899318e-05 2.9042827254572567e-05 2.9042827254572567e-05 2.9042827254572567e-05 2.9042827254572567e-05 8.490192039883609e-06 8.490192039883648e-06 0.0 0.0 0.0 0.0 0.0 0.0 2.2603305232487457e-06 2.26033052324874e-06 0.0 0.0 -0.00434573157431914 -0.0043828684728750055 0.0 0.0 -3.2381655464459124e-06 -3.2381655464459145e-06 0.0 0.0 -0.0025581875986735595 -0.002621651719633294 -0.001099942716797934 -0.0010906226878388645 0.003640183267257069 0.0035520628546718614 -1.2567509196093591e-05 3.820768877692989e-07 3.8207688776911187e-07 6.388660224808919e-05 6.388660224808919e-05 0.0 0.0 0.00011066340623442546 0.00011066340623442546 4.2724458533854426e-20 4.127939844381664e-20 -4.1279398443816424e-20 -4.272445853385428e-20 -4.459464317582556e-05 -4.459464317582556e-05 0.0 0.0 7.804941699054637e-07 -4.255960671566931e-08 -4.2559606715606394e-08 -7.823509703634628e-07 -7.823509703634822e-07 0.0 0.0 -1.7799814615170932e-07 -1.779981461516403e-07 -1.779981461516403e-07 -1.7799814615170932e-07 -4.2559606715614904e-08 -4.255960671567056e-08 1.1832068591291285e-05 -4.105717566762624e-08 -4.105717566762449e-08 0.0 0.0 2.634480940950653e-07 2.634480940951942e-07 1.2949898830123284e-07 1.294989883014243e-07 1.686632577314027e-06 0.0 0.0 0.0 0.0 0.0 0.0 -0.00023028907309327154 -0.00023028907309327148 0.0 0.0 -0.00016750518590912255 -0.00016750518590912255 0.0 0.0 0.0 -4.105717566762302e-08 -4.105717566762814e-08 0.0 0.0 0.0 0.0 -1.5468743291353429e-06 -1.5468743291357829e-06 0.0 0.0 -2.0485425492647725e-05 0.00044095310317412143 0.00044095310317412143 1.686632577314027e-06 1.294989883014281e-07 1.2949898830125878e-07 1.5983211915197547e-05 1.4917778388143482e-06 1.7019970219329136e-07 1.7019970219322106e-07 -2.4625347238507802e-06 -1.0231163153923288e-05 -1.6237396714292968e-05 0.00015201001115355592 0.00015201001115355592 -3.158102433744781e-20 6.158492033520186e-21 2.973282039139941e-20 -2.973282039139941e-20 -6.158492033520176e-21 3.158102433744774e-20 0.0001704462611540368 0.0001704462611540368 2.1854018819080267e-06 1.0722376272640605e-05 2.549308894716038e-07 2.549308894717091e-07 1.226246770238048e-05
-9.307763614072574e-19 -6.3629843758940954e-06 0.0 0.007546490648042155 0.007732721412322202 0.0 -5.603952456691258e-07 -5.603952456693657e-07 -7.855097646679984e-06 -6.362984375894218e-06 3.584533992559948e-05 -0.0007718781861518445 -0.0007718781861518445 -5.603952456691343e-07 -5.603952456693465e-07 -7.49286336987282e-05 -7.85509764667951e-06 0.0 0.0 -2.534172847079941e-06 1.2385304858167017e-05 -1.2385304858167017e-05 2.534172847079941e-06 0.0 0.0 0.0 0.0 2.1854018819079984e-06 -0.0014981064887114777 -0.0015109087126283743 0.0 -0.0016941564510012277 -0.0016798015332919753 -2.4625347238507476e-06 0.0 0.0 1.40264468775477e-06 1.4026446877547726e-06 0.0 0.0 1.1672465211372316e-05 1.1672465211372159e-05 0.0 0.0 0.0 0.0 8.126183253627093e-07 8.126183253627045e-07 0.0 0.0 8.126183253627587e-07 8.12618325362758e-07 0.0 0.0 1.3128710239239833e-06 1.3128710239239884e-06 0.0 0.0 1.7798418898993057e-05 1.779841889899318e-05 -1.779841889899318e-05 -1.7798418898993057e-05 2.9042827254572567e-05 2.9042827254572567e-05 2.9042827254572567e-05 2.9042827254572567e-05 0.0 0.0 8.49019203988366e-06 8.490192039883605e-06 0.0 0.0 0.0 0.0 0.0 0.0 2.2603305232487393e-06 2.260330523248742e-06 -0.0043828684728750055 -0.00434573157431914 0.0 0.0 0.0 0.0 -3.2381655464459132e-06 -3.2381655464459145e-06 -0.002621651719633294 -0.0025581875986735595 -0.0010906226878388645 -0.001099942716797934 0.0035520628546718614 0.003640183267257069 -1.2567509196093658e-05 3.8207688776930277e-07 3.8207688776911574e-07 0.0 0.0 6.388660224808919e-05 6.388660224808919e-05 0.00011066340623442546 0.00011066340623442546 4.1265807291200746e-20 4.27380496864707e-20 -4.273804968647019e-20 -4.1265807291200265e-20 0.0 0.0 -4.459464317582556e-05 -4.459464317582556e-05 7.804941699053901e-07 -4.25596067156677e-08 -4.255960671560478e-08 0.0 0.0 -7.823509703634662e-07 -7.823509703634858e-07 -1.779981461517159e-07 -1.7799814615164688e-07 -1.7799814615164688e-07 -1.779981461517159e-07 -4.255960671560362e-08 -4.255960671565927e-08 1.1832068591291197e-05 0.0 0.0 -4.10571756676262e-08 -4.105717566762448e-08 2.634480940950679e-07 2.634480940951969e-07 1.2949898830122791e-07 1.2949898830141937e-07 1.6866325773140777e-06 0.0 0.0 0.0 0.0 -0.00023028907309327148 -0.00023028907309327154 0.0 0.0 -0.00016750518590912255 -0.00016750518590912255 0.0 0.0 0.0 -4.105717566762255e-08 -4.105717566762766e-08 0.0 0.0 0.0 0.0 -1.5468743291353481e-06 -1.5468743291357848e-06 0.0 0.0 0.0 0.0 -2.0485425492647573e-05 0.00044095310317412143 0.00044095310317412143 1.6866325773140777e-06 1.2949898830139375e-07 1.2949898830122442e-07 1.598321191519763e-05 1.4917778388142076e-06 1.7019970219328985e-07 1.7019970219321958e-07 -2.4625347238507476e-06 -1.0231163153923261e-05 -1.6237396714292968e-05 0.00015201001115355592 0.00015201001115355592 -2.996902044993269e-20 6.086529646320378e-21 3.0084523356261455e-20 -3.0084523356261394e-20 -6.086529646320389e-21 2.996902044993276e-20 0.0001704462611540368 0.0001704462611540368 2.1854018819079984e-06 1.0722376272640605e-05 2.5493088947160154e-07 2.5493088947170684e-07 1.2262467702380448e-05
-2.7679604275025543e-16 -0.003526503249011436 -0.0019017469850071604 0.0 0.0 0.004270426437914368 -0.0003105831380114539 -0.00031058313801145395 -0.004353464622239492 -0.003526503249011436 0.004260287384658217 3.584533992559874e-05 3.584533992559874e-05 -0.0003105831380114539 -0.0003105831380114539 -0.0018759860539284455 -0.004353464622239492 -0.001501852085104331 0.0 0.0 0.0 0.0 0.0 0.0 -0.0006142690788251645 9.432834772298546e-05 9.432834772298546e-05 0.0012111968821015805 0.0 0.0 0.0009917490744168036 0.0 0.0 -0.0013647898834016222 0.0 0.0 0.0 0.0 0.0 0.0 0.0 0.0 0.00014128820014095892 0.00014128820014095892 0.0 0.0 0.0 0.0 0.0 0.0 0.0 0.0 0.0 0.0 0.0 0.0 0.00021175525610195848 0.00021175525610195854 0.0 0.0 0.0 0.0 0.0 0.0 0.0 0.0 0.0 0.0 0.0 0.0 5.852656457749828e-06 -9.280528158694672e-06 -9.280528158694672e-06 -0.001894766724723828 0.0 0.0 0.0 0.0 0.0 0.0 -0.0017220573832837831 -0.0007545410214723203 0.0 0.0 0.0 0.0 0.0 0.0 0.0 0.0 0.0 0.0 -0.0007505034018047876 0.0002117552561019585 0.0002117552561019585 -2.296455993629808e-06 -2.2964559936298044e-06 -2.2964559936298095e-06 -2.2964559936298167e-06 -5.139110658864092e-06 -5.139110658864039e-06 1.4501582399630777e-20 2.203409246521228e-20 -2.203409246521268e-20 -1.45015823996313e-20 1.6029907993419774e-06 1.6029907993419694e-06 1.6029907993419874e-06 1.6029907993419662e-06 0.0004325667113742087 -2.3587452442588396e-05 -2.3587452442588362e-05 -3.751126925887882e-05 -3.751126925887883e-05 -3.751126925887881e-05 -3.7511269258878825e-05 -9.865041364865343e-05 -9.865041364865343e-05 -9.865041364865343e-05 -9.865041364865343e-05 -2.3587452442588396e-05 -2.358745244258841e-05 0.0010908365972743582 -1.968562486427109e-06 -1.968562486427111e-06 -1.968562486427108e-06 -1.9685624864271098e-06 0.0001460086187374544 0.0001460086187374544 7.177113379665109e-05 7.17711337966512e-05 0.0009347681704704262 0.0007362266270552201 -0.0017220573832837831 6.683815297211762e-06 6.683815297211762e-06 8.277928447639561e-06 8.277928447639719e-06 8.27792844763964e-06 8.277928447639678e-06 6.021110445838198e-06 6.021110445838152e-06 6.0211104458382225e-06 6.021110445838227e-06 0.0010943882937396103 -1.9685624864271093e-06 -1.9685624864271106e-06 -1.9685624864271076e-06 -1.968562486427108e-06 0.00014600861873745438 0.0001460086187374544 -7.416776059329692e-05 -7.416776059329697e-05 -7.41677605932969e-05 -7.416776059329695e-05 4.189828522867156e-06 0.0009596164885759836 -0.0018886175029922216 -2.0477471909556632e-05 -2.0477471909556846e-05 0.0009347681704704262 7.177113379665125e-05 7.177113379665121e-05 0.0009544814908789696 0.0008267754695912812 9.432834772298545e-05 9.432834772298548e-05 -0.0013647898834016222 -0.0006109820674589936 -0.0014969780173054428 -7.059210403468156e-06 -7.05921040346827e-06 -3.3422430389986245e-20 2.7695898567182438e-21 5.789734501808385e-21 -5.789734501808976e-21 -2.7695898567181625e-21 3.3422430389986515e-20 -7.915373539150613e-06 -7.915373539150484e-06 0.0012111968821015805 0.0009885304803381087 0.00014128820014095895 0.0001412882001409589 0.0007322870094273287
-5.562279219635045e-19 0.0 -2.0491467610721093e-06 -5.603952456691201e-07 -5.603952456691258e-07 -0.0003105831380114539 0.0027615144478081925 -0.0026956769200443967 0.0 0.00029786304339915053 -0.0003105831380114538 -5.603952456690901e-07 -5.603952456690866e-07 2.95581138306806e-05 2.955811383068072e-05 -2.049146761072109e-06 0.00042055133504618103 0.0 0.0 1.5154700443209724e-06 7.406581805957975e-06 -7.406581805957975e-06 -1.5154700443209724e-06 0.0 0.0 -0.0008344169381748548 0.0008144211803501141 -0.00010708729477879586 0.0 0.0 0.0 0.0 0.0 0.00012066713406771344 -9.432084187730205e-05 -9.432084187730205e-05 0.0 0.0 0.0 0.0 -8.558865449451299e-07 -8.558865449450869e-07 -0.0012498180049551253 0.0012198676803527185 -8.768881830120195e-05 -8.768881830120196e-05 0.0 0.0 0.0 0.0 -0.0001600041386166904 -0.0001600041386166904 0.0 0.0 -0.0001616074182887514 -0.0001616074182887514 -2.0152690851735204e-05 -2.015269085173512e-05 1.9727281787958283e-20 -2.3988472265824286e-20 2.3988472265824058e-20 -1.9727281787958656e-20 1.5722052235306244e-06 1.5722052235306256e-06 1.5722052235306256e-06 1.5722052235306244e-06 -5.457446676440964e-07 -5.45744667643925e-07 0.0 0.0 1.2802233554624395e-08 -2.9344275069543574e-07 -2.934427506954341e-07 0.00012120790624046554 0.0 0.0 -2.6511294595075564e-07 -2.651129459507485e-07 3.2013862681333914e-07 3.2013862681334263e-07 0.00015181991003015947 4.3774738133655426e-05 1.297099902066481e-07 1.297099902066661e-07 0.0 0.0 2.113368024336684e-07 2.1133680243366653e-07 8.034330783785543e-08 8.034330783785456e-08 -2.9344275069544823e-07 -2.934427506954509e-07 0.0 0.0018282729400323637 -0.001873160897060566 0.0 0.0 1.297099902066528e-07 1.2970999020665288e-07 0.0 0.0 1.0643698084280897e-05 1.0643698084280897e-05 -1.0643698084280897e-05 -1.0643698084280897e-05 0.0 0.0 -1.4529274772361174e-07 -1.452927477236123e-07 0.0 -0.0007127380694190804 0.0007187770465521279 0.0 0.0 2.1187370372891903e-06 2.1187370372891873e-06 9.714642836858713e-06 9.714642836858643e-06 9.714642836858643e-06 9.714642836858713e-06 0.0 0.0 0.0 0.0 0.0 1.7842763217110164e-07 1.784276321710991e-07 -0.0012915742460774492 0.0012606232854057654 -0.002187071439936883 0.0021686962365584845 0.0 0.0 0.00015181991003015947 2.1133680243365628e-07 2.1133680243365747e-07 0.0 0.0 -8.558865449450208e-07 -8.558865449450097e-07 0.0 0.0 -9.958100376160769e-07 -9.958100376160803e-07 -7.000783366490035e-05 0.0 0.0 3.255735468220042e-07 3.255735468220043e-07 -1.3895601031447434e-05 -1.3895601031447374e-05 0.0 0.0 7.668487202086273e-06 7.668487202086236e-06 9.1649259939981e-09 -5.567220243928463e-05 0.0 0.0 0.0 0.0 0.0 0.0 0.0 0.0 -8.977203518863323e-06 -8.977203518863285e-06 0.00012066713406771344 3.563685380114184e-05 9.607322333830102e-05 1.1036156879784573e-07 1.1036156879785784e-07 6.752217787964954e-21 -8.70238159867062e-22 2.6686386982892215e-22 -2.668638698288454e-22 8.702381598670396e-22 -6.752217787964882e-21 1.2374656533435063e-07 1.2374656533433705e-07 -0.00010708729477879586 -6.344202020093072e-05 -1.3446360061390176e-05 -1.3446360061390232e-05 -4.2712227551897125e-05
-5.562279219635045e-19 0.0 -2.049146761071983e-06 -5.603952456693601e-07 -5.603952456693657e-07 -0.00031058313801145395 -0.0026956769200443967 0.0027615144478081925 0.0 0.00029786304339915064 -0.00031058313801145385 -5.60395245669448e-07 -5.603952456694445e-07 2.9558113830680722e-05 2.95581138306806e-05 -2.0491467610719827e-06 0.0004205513350461812 0.0 0.0 -1.5154700443209727e-06 -7.406581805957973e-06 7.406581805957973e-06 1.5154700443209727e-06 0.0 0.0 0.0008144211803501141 -0.0008344169381748548 -0.00010708729477879586 0.0 0.0 0.0 0.0 0.0 0.00012066713406771344 0.0 0.0 -9.432084187730205e-05 -9.432084187730205e-05 -8.558865449451304e-07 -8.558865449450875e-07 0.0 0.0 0.0012198676803527185 -0.0012498180049551253 0.0 0.0 -8.768881830120198e-05 -8.768881830120196e-05 -0.0001600041386166904 -0.0001600041386166904 0.0 0.0 -0.0001616074182887514 -0.0001616074182887514 0.0 0.0 -2.015269085173512e-05 -2.0152690851735204e-05 -2.4467902929848187e-20 2.0206712451982767e-20 -2.0206712451982396e-20 2.446790292984847e-20 1.5722052235305386e-06 1.5722052235305399e-06 1.5722052235305399e-06 1.5722052235305386e-06 0.0 0.0 -5.457446676440981e-07 -5.457446676439263e-07 1.2802233554624395e-08 -2.934427506956159e-07 -2.934427506956142e-07 0.00012120790624046564 -2.651129459507543e-07 -2.6511294595074727e-07 0.0 0.0 3.2013862681347625e-07 3.2013862681347975e-07 0.00015181991003015947 4.377473813365549e-05 0.0 0.0 1.2970999020664642e-07 1.297099902066644e-07 2.1133680243376184e-07 2.1133680243375997e-07 8.034330783788984e-08 8.034330783788897e-08 -2.93442750695578e-07 -2.9344275069558063e-07 0.0 -0.001873160897060566 0.0018282729400323637 1.2970999020664994e-07 1.2970999020664894e-07 0.0 0.0 0.0 0.0 -1.0643698084280897e-05 -1.0643698084280897e-05 1.0643698084280897e-05 1.0643698084280897e-05 -1.4529274772363876e-07 -1.4529274772364162e-07 0.0 0.0 0.0 0.0007187770465521279 -0.0007127380694190804 2.1187370372891886e-06 2.1187370372891937e-06 0.0 0.0 9.714642836858643e-06 9.714642836858714e-06 9.714642836858714e-06 9.714642836858643e-06 0.0 0.0 0.0 1.784276321710991e-07 1.784276321711018e-07 0.0 0.0 0.0012606232854057654 -0.0012915742460774492 0.0021686962365584845 -0.002187071439936883 0.0 0.0 0.00015181991003015947 2.11336802433786e-07 2.113368024337872e-07 -8.558865449451369e-07 -8.558865449451323e-07 0.0 0.0 -9.95810037616061e-07 -9.958100376160595e-07 0.0 0.0 -7.000783366490039e-05 3.2557354682200426e-07 3.255735468220043e-07 0.0 0.0 -1.3895601031447374e-05 -1.3895601031447434e-05 7.668487202086232e-06 7.668487202086285e-06 0.0 0.0 9.1649259939981e-09 -5.567220243928471e-05 0.0 0.0 0.0 0.0 0.0 0.0 0.0 0.0 -8.977203518863285e-06 -8.977203518863323e-06 0.00012066713406771344 3.563685380114189e-05 9.60732233383011e-05 1.1036156879791621e-07 1.103615687979283e-07 6.530592547687757e-21 -1.2246410695869786e-22 3.921472363076913e-21 -3.921472363076956e-21 1.2246410695872123e-22 -6.530592547687844e-21 1.2374656533442964e-07 1.2374656533441609e-07 -0.00010708729477879586 -6.344202020093077e-05 -1.3446360061390232e-05 -1.3446360061390176e-05 -4.271222755189718e-05
1.0512562494528032e-15 -5.326252632191284e-05 -2.8723027229841455e-05 -7.855097646679352e-06 -7.855097646679984e-06 -0.004353464622239492 0.0 0.0 0.016713429553045635 0.003439004509026442 -0.00435346462223949 -7.855097646679508e-06 -7.855097646680298e-06 0.00042055133504618087 0.0004205513350461809 -2.872302722984145e-05 0.007778383035454809 -2.2683216366473006e-05 0.0 0.0 0.0 0.0 0.0 0.0 0.0014229956201030807 0.0 0.0 -0.0015010497746134046 1.5469454925743945e-06 1.5469454925742702e-06 1.4978877786545093e-05 1.7345638844274638e-06 1.7345638844276031e-06 0.0016913992903614876 2.522143792971014e-05 2.522143792971014e-05 2.522143792971014e-05 2.522143792971014e-05 0.0 0.0 0.0 0.0 0.0 0.0 1.4611970396073295e-05 1.4611970396073295e-05 1.4611970396073295e-05 1.4611970396073295e-05 0.0 0.0 0.0 0.0 0.0 0.0 0.0 0.0 -0.0002867314569197263 -0.00028673145691972626 -8.152016897907241e-20 -7.479995728950853e-20 7.479995728950912e-20 8.152016897907206e-20 2.2037705792282097e-05 2.2037705792282097e-05 2.2037705792282097e-05 2.2037705792282097e-05 9.093981515443354e-08 9.093981515444297e-08 9.09398151545914e-08 9.093981515458904e-08 1.794497642691046e-07 -4.113206666610462e-06 -4.113206666610761e-06 0.0013982078691743298 0.0 0.0 0.0 0.0 4.48740454799899e-06 4.487404547999351e-06 0.002128069835019526 0.000811081963675849 -3.4684513006303066e-08 -3.4684513006303066e-08 -3.468451300633847e-08 -3.468451300634058e-08 2.962322097275141e-06 2.962322097274872e-06 1.1261775205998921e-06 1.1261775205998017e-06 -4.113206666610237e-06 -4.113206666610611e-06 0.0017479450061148518 0.0 0.0 -3.4684513006322614e-08 -3.468451300634323e-08 -3.4684513006317333e-08 -3.4684513006296727e-08 1.12617752059996e-06 1.1261775205998468e-06 0.0 0.0 0.0 0.0 2.4210764492361262e-08 2.4210764492336172e-08 2.421076449231359e-08 2.421076449233868e-08 -0.0008270689583019746 0.0 0.0 -5.665512903805532e-07 -5.665512903805692e-07 -5.665512903805853e-07 -5.665512903805772e-07 0.0 0.0 0.0 0.0 -0.00011190459966791028 -0.0001119045996679103 1.6529088784469943e-05 -2.9732174861452506e-08 -2.973217486145179e-08 -2.9732174861455374e-08 -2.9732174861456092e-08 0.0 0.0 0.0 0.0 -0.0008248733140447984 -0.0017055184801203836 0.002128069835019526 2.9623220972752484e-06 2.9623220972750333e-06 0.0 0.0 0.0 0.0 0.0 0.0 0.0 0.0 -0.0008075834899739562 0.0 0.0 0.0 0.0 -0.0001977059022953808 -0.00019770590229538075 0.0 0.0 0.0 0.0 1.2846538083760188e-07 -0.0010315246007582162 -2.8617600899038123e-05 4.48740454799917e-06 4.487404547999621e-06 -0.0008248733140447984 0.00034049967942807356 0.0003404996794280735 -0.0022230161134498276 -0.0015807973854764306 -0.00012772719350314163 -0.0001277271935031416 0.0016913992903614876 0.0006602988525484082 0.0011082638175603505 1.5469454925742077e-06 1.5469454925746117e-06 1.6931289776267927e-19 -1.1338369144761534e-20 5.0765340855457e-20 -5.076534085545688e-20 1.1338369144761583e-20 -1.6931289776267965e-19 1.734563884427847e-06 1.7345638844273941e-06 -0.0015010497746134046 -0.0007318427867673513 -0.0001913141247010035 -0.00019131412470100353 -0.0007913951944152973
4.108839879501672e-16 0.0039042997223223525 -2.326695118397105e-05 -6.36298437589428e-06 -6.362984375894218e-06 -0.003526503249011436 0.00029786304339915053 0.00029786304339915064 0.003439004509026442 0.00526925389711821 -0.003526503249011422 -6.362984375894771e-06 -6.362984375894339e-06 0.0 0.0 -2.3266951183971045e-05 -5.326252632191284e-05 0.0012599788326525204 1.1929293302336558e-20 -5.334792690641799e-22 -1.820834115737011e-21 1.8208341157368833e-21 5.334792690641766e-22 -1.1929293302336175e-20 0.00029058509792159894 -9.046508098113684e-05 -9.046508098113688e-05 -0.0012159182091570602 1.2530958165454826e-06 1.2530958165454704e-06 -0.0008320279030548441 1.4050751998312964e-06 1.40507519983131e-06 0.0013701099263250885 0.0 0.0 0.0 0.0 1.0127643614661511e-07 1.0127643614670429e-07 1.0127643614662051e-07 1.0127643614670294e-07 -0.0001355016681196076 -0.00013550166811960766 1.1836356912831714e-05 1.1836356912831714e-05 1.1836356912831714e-05 1.1836356912831714e-05 0.0 0.0 0.0 0.0 1.912288898080194e-05 1.912288898080194e-05 1.912288898080194e-05 1.912288898080194e-05 0.0 0.0 0.0 0.0 0.0 0.0 1.7851538446007798e-05 1.7851538446007798e-05 1.7851538446007798e-05 1.7851538446007798e-05 7.366536343691828e-08 7.366536343685842e-08 7.366536343691828e-08 7.366536343685565e-08 1.4536242542915825e-07 -3.3318834382067155e-06 -3.3318834382065114e-06 0.002147289966657346 0.0 0.0 0.0 0.0 3.6350006469117623e-06 3.6350006469117974e-06 0.0017238328178854126 -9.231443115848204e-06 0.0 0.0 0.0 0.0 2.3996148831192688e-06 2.3996148831192476e-06 9.122547281241299e-07 9.122547281241211e-07 -3.3318834382064813e-06 -3.3318834382065105e-06 0.0003569419073311415 -0.00020308270900389267 -0.00020308270900389256 0.0 0.0 0.0 0.0 9.122547281241564e-07 9.122547281241741e-07 4.800707950833761e-20 -5.745060565390807e-20 5.74506056539082e-20 -4.800707950833775e-20 1.9611814279390526e-08 1.9611814279397878e-08 1.9611814279383906e-08 1.961181427941063e-08 -0.0003205215698578627 7.884277788818545e-05 7.884277788818547e-05 0.0 0.0 0.0 0.0 0.0 0.0 0.0 0.0 0.0 0.0 -0.0009181370778726375 -2.4084406408973133e-08 -2.408440640896977e-08 -2.408440640897285e-08 -2.408440640897005e-08 -0.00014002875950735135 -0.0001400287595073514 -0.00023990024249060673 -0.0002399002424906067 -0.0010687978289943782 -0.000348278130692333 0.0017238328178854126 2.3996148831192688e-06 2.3996148831194157e-06 1.012764361466651e-07 1.0127643614662997e-07 1.0127643614659348e-07 1.0127643614674078e-07 0.0 0.0 0.0 0.0 -0.001240241857802753 0.0 0.0 0.0 0.0 0.0 0.0 -9.074065471065433e-07 -9.074065471064982e-07 -9.074065471065658e-07 -9.07406547106487e-07 1.0406276886622459e-07 1.1740441904713808e-05 0.001589614576325286 3.6350006469119736e-06 3.6350006469119033e-06 -0.0010687978289943782 0.0 0.0 -0.0004539545630936773 -0.0006126208153916891 0.0 0.0 0.0013701099263250885 -7.515283990698192e-06 0.0017020100003170534 1.2530958165455068e-06 1.2530958165455796e-06 0.0 0.0 0.0 0.0 0.0 0.0 1.405075199831419e-06 1.4050751998313372e-06 -0.0012159182091570602 -0.0011239234936677009 0.0 0.0 9.007375390628496e-06
-2.767960427502553e-16 -0.0035265032490114346 -0.001875986053928445 3.584533992559952e-05 3.584533992559948e-05 0.004260287384658217 -0.0003105831380114538 -0.00031058313801145385 -0.00435346462223949 -0.003526503249011422 0.004270426437914364 0.0 0.0 -0.0003105831380114538 -0.0003105831380114538 -0.0019017469850071591 -0.00435346462223949 -0.001496978017305442 4.1057632444457546e-20 2.3645107156429616e-21 1.983770593213219e-20 -1.983770593213201e-20 -2.364510715642997e-21 -4.105763244445694e-20 -0.0006109820674589934 9.432834772298542e-05 9.432834772298542e-05 0.00121119688210158 -7.059210403468392e-06 -7.05921040346831e-06 0.000988530480338108 -7.915373539150655e-06 -7.915373539150747e-06 -0.0013647898834016215 0.0 0.0 0.0 0.0 8.27792844763994e-06 8.277928447639864e-06 8.277928447640083e-06 8.27792844764001e-06 0.00014128820014095884 0.00014128820014095884 0.0 0.0 0.0 0.0 0.0 0.0 0.0 0.0 0.0 0.0 0.0 0.0 0.0002117552561019584 0.00021175525610195846 8.398048955625495e-21 -1.9284799470726846e-20 1.9284799470726693e-20 -8.39804895562554e-21 0.0 0.0 0.0 0.0 6.0211104458384605e-06 6.021110445838498e-06 6.021110445838376e-06 6.0211104458384164e-06 5.852656457749826e-06 0.0 0.0 -0.0018886175029922208 1.6029907993420236e-06 1.6029907993420329e-06 1.6029907993420411e-06 1.60299079934205e-06 -2.047747190955719e-05 -2.0477471909557168e-05 -0.0017220573832837825 -0.0007505034018047874 -2.296455993629906e-06 -2.2964559936298997e-06 -2.296455993629899e-06 -2.296455993629892e-06 6.68381529721224e-06 6.683815297212227e-06 -5.1391106588641735e-06 -5.139110658864179e-06 -9.280528158695316e-06 -9.280528158695335e-06 -0.00075454102147232 0.00021175525610195843 0.00021175525610195843 0.0 0.0 0.0 0.0 0.0 0.0 0.0 0.0 0.0 0.0 0.0 0.0 0.0 0.0 0.0004325667113742085 -2.3587452442588385e-05 -2.3587452442588355e-05 -3.7511269258878805e-05 -3.751126925887882e-05 -3.75112692588788e-05 -3.751126925887881e-05 -9.86504136486534e-05 -9.86504136486534e-05 -9.86504136486534e-05 -9.86504136486534e-05 -2.3587452442588385e-05 -2.35874524425884e-05 0.0010943882937396099 -1.968562486427108e-06 -1.96856248642711e-06 -1.9685624864271072e-06 -1.968562486427109e-06 0.00014600861873745433 0.00014600861873745433 7.177113379665106e-05 7.177113379665115e-05 0.0009347681704704257 0.0007322870094273286 -0.0017220573832837825 0.0 0.0 0.0 0.0 0.0 0.0 0.0 0.0 0.0 0.0 0.0010908365972743578 -1.968562486427109e-06 -1.9685624864271093e-06 -1.9685624864271064e-06 -1.9685624864271072e-06 0.00014600861873745433 0.00014600861873745435 -7.416776059329688e-05 -7.416776059329695e-05 -7.416776059329686e-05 -7.416776059329692e-05 4.189828522867154e-06 0.0009544814908789693 -0.0018947667247238272 0.0 0.0 0.0009347681704704257 7.177113379665121e-05 7.177113379665117e-05 0.0009596164885759833 0.0008267754695912809 9.432834772298541e-05 9.432834772298544e-05 -0.0013647898834016215 -0.0006142690788251641 -0.0015018520851043302 0.0 0.0 0.0 0.0 0.0 0.0 0.0 0.0 0.0 0.0 0.00121119688210158 0.0009917490744168031 0.00014128820014095887 0.00014128820014095884 0.0007362266270552196
-9.30776361407257e-19 -6.3629843758947095e-06 -7.492863369872556e-05 -0.0007718781861518445 -0.0007718781861518445 3.584533992559874e-05 -5.603952456690901e-07 -5.60395245669448e-07 -7.855097646679508e-06 -6.362984375894771e-06 0.0 0.007732721412322197 0.00754649064804215 -5.603952456691593e-07 -5.603952456693703e-07 0.0 -7.85509764667935e-06 -1.623739671429258e-05 -3.75678947167025e-20 5.907281278919087e-21 2.990072123001465e-20 -2.9900721230014444e-20 -5.907281278919123e-21 3.7567894716702703e-20 -1.023116315392292e-05 1.7019970219320555e-07 1.7019970219332122e-07 2.185401881908112e-06 0.00015201001115355592 0.00015201001115355592 1.0722376272640351e-05 0.00017044626115403675 0.00017044626115403675 -2.462534723850876e-06 1.402644687754847e-06 0.0 1.4026446877548526e-06 0.0 0.0 -0.00023028907309327146 0.0 -0.00023028907309327143 2.549308894715806e-07 2.5493088947175385e-07 0.0 8.126183253628179e-07 0.0 8.126183253628308e-07 8.126183253628815e-07 0.0 8.126183253628714e-07 0.0 0.0 1.3128710239236792e-06 0.0 1.3128710239236521e-06 3.8207688776930066e-07 3.820768877691436e-07 4.3231107338819563e-20 -4.2745332601071886e-20 4.274533260107195e-20 -4.3231107338819593e-20 2.9042827254571517e-05 2.9042827254571517e-05 2.9042827254571517e-05 2.9042827254571517e-05 -0.00016750518590912257 0.0 -0.00016750518590912257 0.0 0.0 0.0036401832672570684 0.003552062854671861 -2.048542549264724e-05 0.0 -4.459464317582553e-05 0.0 -4.459464317582553e-05 0.0004409531031741213 0.0004409531031741213 0.0 -1.2567509196093209e-05 6.388660224808916e-05 0.0 6.388660224808916e-05 0.0 0.0 0.0 0.00011066340623442542 0.00011066340623442542 0.0 0.0 0.0 0.0 0.0 -3.2381655464459136e-06 0.0 -3.2381655464459136e-06 0.0 -0.0010999427167979335 -0.001090622687838864 -1.7798418898993057e-05 1.779841889899317e-05 -1.779841889899317e-05 1.7798418898993057e-05 2.2603305232487347e-06 0.0 2.260330523248747e-06 0.0 7.804941699055224e-07 -4.255960671569395e-08 -4.2559606715600114e-08 -7.823509703634538e-07 0.0 -7.823509703634467e-07 0.0 -1.779981461516771e-07 -1.779981461516845e-07 -1.779981461516845e-07 -1.779981461516771e-07 -4.255960671561545e-08 -4.2559606715670775e-08 0.0 0.0 -4.105717566762128e-08 0.0 -4.105717566762657e-08 0.0 0.0 1.2949898830121375e-07 1.2949898830149928e-07 1.686632577314094e-06 1.2262467702380045e-05 0.0 -0.0025581875986735586 -0.002621651719633293 1.1672465211372147e-05 0.0 1.1672465211372315e-05 0.0 8.490192039883641e-06 0.0 8.490192039883616e-06 0.0 1.1832068591291004e-05 -4.105717566762432e-08 0.0 -4.1057175667624104e-08 0.0 2.6344809409519535e-07 2.634480940950871e-07 0.0 -1.546874329135363e-06 0.0 -1.546874329135637e-06 0.0 1.5983211915197056e-05 0.0 -0.004345731574319139 -0.004382868472875005 1.686632577314094e-06 1.294989883014288e-07 1.2949898830126042e-07 0.0 1.4917778388144602e-06 0.0 0.0 -2.462534723850876e-06 0.0 0.0 -0.0014981064887114768 -0.0015109087126283735 0.0 -2.5341728470799553e-06 1.2385304858166932e-05 -1.2385304858166932e-05 2.5341728470799553e-06 0.0 -0.001694156451001227 -0.0016798015332919747 2.185401881908112e-06 0.0 0.0 0.0 0.0
