0.007732721412322194 0.007546490648042147 0.0 0.0 0.0 -6.362984375894402e-06 -5.603952456694945e-07 -5.60395245668958e-07 -7.855097646679982e-06 3.58453399255991e-05 -0.0007718781861518435 -0.0007718781861518435 -6.362984375894341e-06 -5.603952456694362e-07 -5.603952456690202e-07 -7.492863369872766e-05 -7.855097646679982e-06 0.0 0.0 -0.0015109087126283724 -0.001498106488711476 -0.0010906226878388634 -0.0010999427167979329 0.0 1.2385304858167033e-05 2.534172847079942e-06 -2.534172847079942e-06 -1.2385304858167033e-05 0.0 0.0 0.0 -3.238165546445915e-06 -3.238165546445916e-06 0.0 0.0 0.0 2.2603305232487376e-06 2.2603305232487453e-06 0.0 0.0 0.0 0.0 1.7798418898993158e-05 1.7798418898993094e-05 -1.7798418898993094e-05 -1.7798418898993158e-05 0.0 0.0 0.0 2.9042827254572242e-05 2.9042827254572198e-05 2.9042827254572198e-05 2.9042827254572242e-05 0.0 -0.002621651719633292 -0.0025581875986735573 0.0 0.0 8.490192039883653e-06 8.490192039883577e-06 0.0 0.0 0.0 1.1672465211372311e-05 1.1672465211372135e-05 0.0 0.0 8.126183253626939e-07 8.126183253627242e-07 0.0 0.0 1.3128710239239111e-06 1.3128710239239027e-06 0.0 -0.004382868472875002 -0.004345731574319137 0.0035520628546718584 0.0036401832672570663 -0.0016941564510012262 -0.001679801533291974 0.0 0.0 1.4026446877547626e-06 1.4026446877547668e-06 -1.8719304397420005e-20 -2.8255675944333826e-20 2.825567594433411e-20 1.8719304397420222e-20 0.0 0.0 -4.4594643175825506e-05 -4.45946431758255e-05 -4.2559606715581215e-08 -4.2559606715690336e-08 -1.779981461516251e-07 -1.7799814615172605e-07 -1.7799814615172605e-07 -1.779981461516251e-07 0.0 0.0 -7.823509703634316e-07 -7.823509703635038e-07 0.0 0.0 -4.1057175667629934e-08 -4.1057175667619684e-08 -2.462534723850747e-06 1.1832068591291151e-05 1.6866325773141787e-06 2.185401881907998e-06 0.0 0.0 6.388660224808924e-05 6.388660224808924e-05 0.0 7.804941699054046e-07 -4.255960671556359e-08 -4.255960671570435e-08 0.00011066340623442532 0.00011066340623442532 -1.2567509196093525e-05 3.82076887769018e-07 3.8207688776937366e-07 2.6344809409524575e-07 2.6344809409500053e-07 0.0 0.0 8.126183253627021e-07 8.126183253626954e-07 0.0 1.2949898830153091e-07 1.2949898830110263e-07 0.0 0.0 -0.00016750518590912263 -0.00016750518590912263 0.0 0.0 0.0 0.0 -0.0002302890730932713 -0.0002302890730932713 0.0 0.0 0.0 -4.105717566762797e-08 -4.105717566762141e-08 0.0 0.0 0.0 0.0 0.0 -1.5468743291355815e-06 -1.5468743291355144e-06 0.0 0.0 0.0 -2.0485425492647495e-05 0.00044095310317412084 0.00044095310317412084 1.6866325773141787e-06 1.2949898830115626e-07 1.294989883014883e-07 1.598321191519746e-05 1.4917778388142353e-06 -1.0231163153923166e-05 1.7019970219319184e-07 1.7019970219331013e-07 -2.462534723850747e-06 -1.6237396714292805e-05 0.00015201001115355573 0.00015201001115355573 1.7372784326504966e-20 -2.830717478189529e-21 -6.313043067223149e-21 6.31304306722324e-21 2.830717478189505e-21 -1.737278432650489e-20 0.0001704462611540366 0.0001704462611540366 1.0722376272640497e-05 2.185401881907998e-06 2.5493088947173723e-07 2.549308894715601e-07 1.2262467702380333e-05
0.007546490648042147 0.007732721412322194 0.0 0.0 0.0 -6.362984375894711e-06 -5.603952456695323e-07 -5.603952456689958e-07 -7.85509764668093e-06 3.58453399255996e-05 -0.0007718781861518435 -0.0007718781861518435 -6.362984375894834e-06 -5.603952456694696e-07 -5.603952456690537e-07 -7.492863369872766e-05 -7.855097646680614e-06 0.0 0.0 -0.001498106488711476 -0.0015109087126283724 -0.0010999427167979329 -0.0010906226878388634 0.0 -1.2385304858166945e-05 -2.5341728470799596e-06 2.5341728470799596e-06 1.2385304858166945e-05 0.0 -3.238165546445917e-06 -3.238165546445914e-06 0.0 0.0 0.0 2.260330523248746e-06 2.260330523248736e-06 0.0 0.0 0.0 0.0 0.0 0.0 -1.7798418898993094e-05 -1.7798418898993158e-05 1.7798418898993158e-05 1.7798418898993094e-05 0.0 0.0 0.0 2.9042827254572198e-05 2.904282725457224e-05 2.904282725457224e-05 2.9042827254572198e-05 0.0 -0.0025581875986735573 -0.002621651719633292 8.490192039883585e-06 8.490192039883651e-06 0.0 0.0 0.0 1.167246521137214e-05 1.1672465211372305e-05 0.0 0.0 8.126183253628233e-07 8.126183253628434e-07 0.0 0.0 1.3128710239237697e-06 1.3128710239237957e-06 0.0 0.0 0.0 -0.004345731574319137 -0.004382868472875002 0.0036401832672570663 0.0035520628546718584 -0.001679801533291974 -0.0016941564510012262 1.402644687754761e-06 1.4026446877547546e-06 0.0 0.0 -2.8554266166387896e-20 -1.8420714175365662e-20 1.842071417536609e-20 2.8554266166388305e-20 -4.45946431758255e-05 -4.4594643175825506e-05 0.0 0.0 -4.255960671558417e-08 -4.25596067156933e-08 -1.7799814615163145e-07 -1.7799814615173235e-07 -1.7799814615173235e-07 -1.7799814615163145e-07 -7.823509703634304e-07 -7.823509703635021e-07 0.0 0.0 -4.105717566763013e-08 -4.1057175667619776e-08 0.0 0.0 -2.4625347238509407e-06 1.183206859129124e-05 1.686632577314145e-06 2.1854018819081695e-06 6.388660224808924e-05 6.388660224808924e-05 0.0 0.0 0.0 7.804941699056109e-07 -4.255960671557051e-08 -4.255960671571126e-08 0.00011066340623442532 0.00011066340623442532 -1.2567509196093625e-05 3.820768877690438e-07 3.8207688776939944e-07 2.634480940952635e-07 2.6344809409501826e-07 8.126183253628437e-07 8.126183253628478e-07 0.0 0.0 0.0 1.2949898830155193e-07 1.2949898830112365e-07 0.0 0.0 0.0 0.0 -0.00016750518590912263 -0.00016750518590912263 0.0 0.0 0.0 0.0 -0.0002302890730932713 -0.0002302890730932713 0.0 0.0 0.0 -4.105717566762849e-08 -4.105717566762185e-08 0.0 0.0 0.0 0.0 0.0 -1.5468743291355815e-06 -1.546874329135511e-06 0.0 -2.0485425492647647e-05 0.00044095310317412084 0.00044095310317412084 1.686632577314145e-06 1.2949898830116526e-07 1.2949898830149732e-07 1.5983211915197585e-05 1.4917778388146294e-06 -1.023116315392322e-05 1.7019970219320197e-07 1.7019970219332027e-07 -2.4625347238509407e-06 -1.6237396714292964e-05 0.00015201001115355573 0.00015201001115355573 1.0747155432389181e-20 -1.243923026993396e-21 -1.4068209826253612e-20 1.4068209826253564e-20 1.2439230269933897e-21 -1.0747155432389128e-20 0.0001704462611540366 0.0001704462611540366 1.0722376272640602e-05 2.1854018819081695e-06 2.549308894717524e-07 2.549308894715753e-07 1.2262467702380397e-05
0.0 0.0 0.0 -0.0 -0.0 -0.0 -0.0 -0.0 -0.0 -0.0 0.0 0.0 -0.0 -0.0 -0.0 -0.0 -0.0 0.0 0.0 -0.0 -0.0 -0.0 -0.0 -0.0 -0.0 -0.0 -0.0 -0.0 -0.0 -0.0 -0.0 -0.0 -0.0 0.0 -0.0 -0.0 -0.0 -0.0 0.0 0.0 0.0 0.0 -0.0 -0.0 -0.0 -0.0 0.0 -0.0 -0.0 0.0 0.0 0.0 0.0 0.0 -0.0 -0.0 -0.0 -0.0 -0.0 -0.0 0.0 0.0 0.0 0.0 0.0 -0.0 -0.0 -0.0 -0.0 0.0 0.0 0.0 0.0 0.0 -0.0 -0.0 -0.0 -0.0 -0.0 -0.0 0.0 0.0 0.0 0.0 -0.0 -0.0 -0.0 -0.0 -0.0 -0.0 -0.0 -0.0 0.0 0.0 0.0 0.0 0.0 0.0 0.0 0.0 0.0 0.0 -0.0 -0.0 -0.0 -0.0 0.0 0.0 0.0 0.0 -0.0 -0.0 -0.0 -0.0 0.0 0.0 0.0 0.0 -0.0 -0.0 0.0 0.0 0.0 0.0 0.0 -0.0 -0.0 -0.0 -0.0 0.0 0.0 0.0 0.0 0.0 -0.0 -0.0 -0.0 -0.0 -0.0 -0.0 0.0 0.0 0.0 0.0 0.0 -0.0 -0.0 -0.0 -0.0 0.0 0.0 0.0 0.0 0.0 0.0 0.0 0.0 0.0 -0.0 -0.0 0.0 0.0 0.0 0.0 0.0 0.0 0.0 0.0 0.0 0.0 -0.0 -0.0 -0.0 -0.0 -0.0 -0.0 -0.0 -0.0 -0.0 -0.0 0.0 0.0 0.0 0.0 0.0
0.0 0.0 -0.0 0.004270426437914417 -0.001901746985007265 -0.003526503249011497 -0.00031058313801145417 -0.0003105831380114542 -0.004353464622239711 0.004260287384658267 3.5845339925598445e-05 3.584533992559932e-05 -0.0035265032490115213 -0.00031058313801145406 -0.00031058313801145406 -0.0018759860539285503 -0.004353464622239648 0.00014128820014095903 0.00014128820014095903 0.0 0.0 0.0 0.0 0.0 0.0 0.0 0.0 0.0 0.0 0.0 0.0 0.0 0.0 -0.001501852085104347 0.0 0.0 0.0 0.0 9.432834772298555e-05 9.432834772298552e-05 0.00021175525610195864 0.00021175525610195856 0.0 0.0 0.0 0.0 -0.0006142690788251804 -9.280528158694437e-06 -9.280528158694848e-06 0.0 0.0 0.0 0.0 -0.001722057383283811 0.0 0.0 0.0 0.0 0.0 0.0 0.000991749074416814 0.0 0.0 0.0 0.0 0.0 0.0 0.0 0.0 0.0 0.0 0.0 0.0 -0.001894766724723858 0.0 0.0 0.0 0.0 0.0 0.0 0.0 0.0 0.0 0.0 -1.0838654807686358e-19 5.709859631325213e-20 -5.709859631325274e-20 1.0838654807686411e-19 1.6029907993420126e-06 1.6029907993419594e-06 1.602990799341985e-06 1.6029907993419514e-06 -2.3587452442588426e-05 -2.358745244258843e-05 -9.865041364865343e-05 -9.865041364865354e-05 -9.865041364865354e-05 -9.865041364865343e-05 -3.751126925887882e-05 -3.751126925887886e-05 -3.751126925887886e-05 -3.7511269258878825e-05 -1.968562486427103e-06 -1.968562486427108e-06 -1.9685624864271076e-06 -1.968562486427105e-06 -0.0013647898834016445 0.0010908365972743755 0.0009347681704704462 0.0012111968821016002 -2.2964559936298214e-06 -2.2964559936298273e-06 -2.296455993629816e-06 -2.2964559936298074e-06 5.852656457779222e-06 0.0004325667113742262 -2.3587452442588524e-05 -2.3587452442588518e-05 -5.139110658864128e-06 -5.139110658864033e-06 -0.0007505034018048073 0.00021175525610195867 0.00021175525610195864 0.0001460086187374545 0.00014600861873745452 0.0 0.0 0.0 0.0 -0.0007545410214723334 7.177113379665157e-05 7.177113379665159e-05 0.0007362266270552393 -0.001722057383283811 6.021110445838275e-06 6.021110445838249e-06 6.021110445838155e-06 6.021110445838196e-06 6.683815297211592e-06 6.68381529721189e-06 8.277928447639646e-06 8.27792844763978e-06 8.277928447639636e-06 8.277928447639598e-06 0.0010943882937396276 -1.9685624864271106e-06 -1.968562486427106e-06 -1.968562486427107e-06 -1.9685624864271098e-06 0.00014600861873745444 0.0001460086187374545 4.189828522888199e-06 -7.416776059329695e-05 -7.41677605932967e-05 -7.416776059329673e-05 -7.416776059329692e-05 0.0009596164885760003 -0.0018886175029922518 -2.0477471909556988e-05 -2.047747190955661e-05 0.0009347681704704462 7.17711337966513e-05 7.177113379665132e-05 0.0009544814908789946 0.0008267754695913147 -0.0006109820674590044 9.432834772298552e-05 9.432834772298549e-05 -0.0013647898834016445 -0.0014969780173054665 -7.0592104034682625e-06 -7.059210403468205e-06 -3.349896890133132e-20 1.0777181381103991e-20 -7.679327252719385e-20 7.679327252719363e-20 -1.0777181381103973e-20 3.3498968901331735e-20 -7.915373539150538e-06 -7.915373539150603e-06 0.0009885304803381244 0.0012111968821016002 0.00014128820014095897 0.00014128820014095903 0.0007322870094273415
0.0 0.0 -0.0 -0.001901746985007265 0.004890927499182168 -2.3266951183784603e-05 -2.049146761072299e-06 -2.049146761072299e-06 -2.872302722944393e-05 -0.0018759860539285496 -7.492863369872598e-05 -7.492863369872607e-05 -2.3266951183784603e-05 -2.0491467610723617e-06 -2.0491467610722986e-06 0.004825475079387468 -2.872302722944393e-05 9.321827950811145e-07 9.321827950811145e-07 0.0 0.0 0.0 0.0 0.0 0.0 0.0 0.0 0.0 0.0 -1.515141933146083e-08 -1.5151419331459417e-08 -1.5151419331457296e-08 -1.5151419331456234e-08 0.0009178475554963696 1.0576116351731687e-08 1.057611635172959e-08 1.0576116351767776e-08 1.0576116351766097e-08 6.22353903213924e-07 6.22353903213924e-07 1.3971061016369397e-06 1.397106101636983e-06 0.0 0.0 0.0 0.0 0.0006216147057645027 3.203417485080409e-05 3.2034174850804034e-05 0.0 0.0 0.0 0.0 1.1664626962443323e-06 0.0 0.0 3.972572061421844e-08 3.9725720614234205e-08 3.972572061432247e-08 3.97257206143272e-08 -0.0006061012749840908 5.461561878563076e-08 5.4615618785649265e-08 5.461561878557294e-08 5.461561878555213e-08 6.383024339693595e-06 6.383024339693404e-06 6.383024339693404e-06 6.383024339693595e-06 1.0312452278064484e-05 1.0312452278064484e-05 1.0312452278064484e-05 1.0312452278064484e-05 0.001157974892316253 0.0 0.0 0.0 0.0 0.0 0.0 1.1017614176844189e-05 1.1017614176844189e-05 1.1017614176844189e-05 1.1017614176844189e-05 6.999644981566646e-20 7.108827775521215e-20 -7.108827775521203e-20 -6.99964498156665e-20 0.0 0.0 0.0 0.0 -1.556238760550298e-07 -1.5562387605503392e-07 -6.508697700103868e-07 -6.508697700101421e-07 -6.508697700101421e-07 -6.508697700103868e-07 0.0 0.0 0.0 0.0 0.0 0.0 0.0 0.0 -9.004528665092972e-06 -0.0006598045762648583 6.167357252991204e-06 7.99116199247609e-06 0.0 0.0 0.0 0.0 -1.5239065531088925e-05 2.8539626498592807e-06 -1.5562387605503392e-07 -1.556238760550298e-07 1.0742443533650259e-05 1.0742443533650259e-05 0.0007533054308112151 1.397106101636983e-06 1.397106101636983e-06 9.63326889186949e-07 9.63326889186949e-07 6.383024339693404e-06 6.383024339693404e-06 6.383024339693404e-06 6.383024339693404e-06 0.0007635640653552444 4.7352727292126886e-07 4.7352727292128146e-07 -0.0007450306615273739 1.1664626962443323e-06 0.0 0.0 0.0 0.0 -2.3070939955153995e-05 -2.307093995515396e-05 0.0 0.0 0.0 0.0 -0.0006688285951295693 0.0 0.0 0.0 0.0 9.63326889186949e-07 9.633268891869194e-07 -1.0909417268025698e-05 0.0 0.0 0.0 0.0 -0.0009710918907619421 0.0011423511774374068 4.2804699159551847e-05 4.2804699159551847e-05 6.167357252991204e-06 4.735272729212689e-07 4.735272729212815e-07 -0.0009580450787549333 5.4548495017965715e-06 0.0006132631889986229 6.223539032138857e-07 6.223539032139432e-07 -9.004528665092972e-06 0.0009054637045126502 1.4756088005346756e-05 1.4756088005346777e-05 4.9649916139415605e-20 7.626292990265699e-21 3.6417932958689046e-20 -3.641793295868921e-20 -7.626292990265722e-21 -4.964991613941584e-20 1.654575255066976e-05 1.6545752550669735e-05 -0.0005979235903288366 7.99116199247609e-06 9.321827950811433e-07 9.321827950810571e-07 -0.000735021026936783
-6.362984375894402e-06 -6.362984375894711e-06 -0.0 -0.003526503249011497 -2.3266951183784603e-05 0.0052692538971183195 0.0 0.0 -5.3262526321587685e-05 -0.0035265032490114957 -6.362984375894155e-06 -6.362984375895326e-06 0.0039042997223224796 0.00029786304339915075 0.00029786304339915075 -2.3266951183815672e-05 0.0034390045090266744 0.0 0.0 1.2530958165455068e-06 1.2530958165455796e-06 9.122547281241387e-07 9.122547281241918e-07 0.0 0.0 0.0 0.0 0.0 0.0 0.0 0.0 0.0 0.0 0.0017020100003170887 1.9611814279405234e-08 1.9611814279398616e-08 1.9611814279392485e-08 1.961181427939224e-08 0.0 0.0 -0.00020308270900389272 -0.00020308270900389272 3.061827964483926e-20 4.154028452383037e-20 -4.154028452383041e-20 -3.0618279644838755e-20 -7.515283990674402e-06 -3.3318834382069493e-06 -3.3318834382064237e-06 1.7851538446008564e-05 1.7851538446008564e-05 1.7851538446008564e-05 1.7851538446008564e-05 0.0017238328178854484 2.3996148831192895e-06 2.3996148831194157e-06 0.0 0.0 0.0 0.0 -0.0011239234936677243 1.0127643614669619e-07 1.0127643614666375e-07 1.0127643614663537e-07 1.012764361466597e-07 0.0 0.0 0.0 0.0 1.912288898080271e-05 1.912288898080271e-05 1.912288898080271e-05 1.912288898080271e-05 0.0015896145763253304 3.635000646912044e-06 3.6350006469118326e-06 -3.331883438206715e-06 -3.3318834382065398e-06 1.4050751998313372e-06 1.405075199831419e-06 0.0 0.0 0.0 0.0 0.0 0.0 0.0 0.0 0.0 0.0 0.0 0.0 7.884277788818554e-05 7.884277788818554e-05 0.0 0.0 0.0 0.0 0.0 0.0 0.0 0.0 0.0 0.0 0.0 0.0 0.001370109926325112 -0.001240241857802783 -0.0010687978289944079 -0.0012159182091570813 0.0 0.0 0.0 0.0 1.4536242538552502e-07 -0.0003205215698578844 0.0 0.0 9.122547281242625e-07 9.122547281240945e-07 -9.23144311581411e-06 0.0 0.0 0.0 0.0 1.1836356912832271e-05 1.1836356912832271e-05 1.1836356912832271e-05 1.1836356912832271e-05 0.0003569419073311707 0.0 0.0 9.007375390599985e-06 0.0017238328178854484 7.366536343679211e-08 7.36653634368446e-08 7.366536343698366e-08 7.366536343693208e-08 2.399614883119584e-06 2.3996148831192057e-06 1.0127643614665835e-07 1.0127643614652728e-07 1.012764361466651e-07 1.0127643614679481e-07 -0.0009181370778726631 -2.408440640897005e-08 -2.4084406408975654e-08 -2.4084406408975095e-08 -2.408440640896949e-08 -0.00014002875950735146 -0.00014002875950735146 1.040627688349882e-07 -9.074065471063968e-07 -9.074065471067461e-07 -9.074065471067347e-07 -9.074065471063968e-07 -0.0004539545630937144 0.002147289966657398 3.635000646912326e-06 3.6350006469116564e-06 -0.0010687978289944079 -0.000239900242490607 -0.000239900242490607 1.1740441904670448e-05 -0.0006126208153917305 0.00029058509792161873 -9.046508098113691e-05 -9.046508098113691e-05 0.001370109926325112 0.0012599788326525558 1.2530958165455675e-06 1.2530958165455675e-06 5.050579137335307e-20 -1.7175881651252365e-20 7.905629541093847e-20 -7.905629541093894e-20 1.7175881651252247e-20 -5.050579137335261e-20 1.4050751998314054e-06 1.4050751998314054e-06 -0.0008320279030548674 -0.0012159182091570813 -0.0001355016681196077 -0.0001355016681196077 -0.0003482781306923566
-5.603952456694945e-07 -5.603952456695323e-07 -0.0 -0.00031058313801145417 -2.049146761072299e-06 0.0 0.0027615144478081925 -0.0026956769200443967 0.0 -0.00031058313801145406 -5.603952456691431e-07 -5.603952456692196e-07 0.00029786304339915107 2.9558113830680722e-05 2.955811383068067e-05 -2.0491467610722986e-06 0.0004205513350461803 -0.0012498180049551248 0.0012198676803527179 0.0 0.0 8.034330783791289e-08 8.034330783790911e-08 0.0 7.4065818059580005e-06 -1.5154700443209765e-06 1.5154700443209765e-06 -7.4065818059580005e-06 0.0 1.2970999020666726e-07 1.297099902066441e-07 0.0 0.0 0.0 0.0 0.0 -2.6511294595076236e-07 -2.651129459507356e-07 0.0008144211803501137 -0.0008344169381748545 -2.015269085173522e-05 -2.0152690851735146e-05 -3.117979087486943e-20 3.530422689279868e-20 -3.53042268927987e-20 3.117979087486952e-20 0.0 -2.9344275069551493e-07 -2.9344275069547867e-07 1.5722052235305714e-06 1.5722052235305628e-06 1.5722052235305628e-06 1.5722052235305714e-06 0.0001518199100301596 2.113368024337972e-07 2.113368024338101e-07 -5.457446676440197e-07 -5.457446676439894e-07 0.0 0.0 0.0 0.0 0.0 -8.558865449449776e-07 -8.558865449452151e-07 -8.768881830120191e-05 -8.768881830120191e-05 0.0 0.0 0.0 0.0 -0.0001616074182887513 -0.00016160741828875126 0.00012120790624046581 3.201386268135565e-07 3.2013862681357154e-07 -2.9344275069564765e-07 -2.9344275069562976e-07 0.0 0.0 -9.432084187730212e-05 -9.432084187730212e-05 0.0 0.0 1.064369808428077e-05 1.0643698084280751e-05 -1.0643698084280751e-05 -1.064369808428077e-05 0.0 0.0 -1.4529274772361994e-07 -1.452927477236208e-07 0.0 0.0 9.71464283685867e-06 9.714642836858706e-06 9.714642836858706e-06 9.71464283685867e-06 0.0 0.0 2.1187370372891945e-06 2.1187370372891873e-06 0.0 0.0 1.784276321710989e-07 1.7842763217110156e-07 0.00012066713406771356 0.0 0.0 -0.00010708729477879595 0.0 0.0 1.297099902066626e-07 1.2970999020666164e-07 1.2802233554683464e-08 0.0 -0.0007127380694190801 0.0007187770465521276 0.0 0.0 0.0 0.0018282729400323629 -0.0018731608970605654 -0.0012915742460774488 0.0012606232854057648 0.0 0.0 -0.00016000413861669063 -0.00016000413861669063 4.377473813365537e-05 -0.002187071439936882 0.002168696236558483 0.0 0.0001518199100301596 0.0 0.0 -9.958100376160735e-07 -9.958100376160773e-07 2.1133680243371452e-07 2.113368024336884e-07 0.0 0.0 -8.558865449450088e-07 -8.558865449450274e-07 -7.000783366490051e-05 0.0 0.0 3.2557354682200473e-07 3.2557354682200447e-07 -1.3895601031447393e-05 -1.3895601031447444e-05 9.16492599404039e-09 0.0 0.0 7.668487202086219e-06 7.668487202086278e-06 -5.5672202439284565e-05 0.0 0.0 0.0 0.0 0.0 0.0 0.0 0.0 3.563685380114181e-05 -8.977203518863299e-06 -8.977203518863331e-06 0.00012066713406771356 9.607322333830125e-05 1.1036156879787273e-07 1.1036156879786753e-07 -8.346107896558432e-21 -1.3153465728204244e-22 8.14735195859897e-21 -8.14735195859899e-21 1.315346572820293e-22 8.346107896558502e-21 1.2374656533436148e-07 1.237465653343673e-07 -6.344202020093087e-05 -0.00010708729477879595 -1.3446360061390244e-05 -1.3446360061390193e-05 -4.271222755189708e-05
-5.60395245668958e-07 -5.603952456689958e-07 -0.0 -0.0003105831380114542 -2.049146761072299e-06 0.0 -0.0026956769200443967 0.0027615144478081925 0.0 -0.0003105831380114541 -5.603952456693017e-07 -5.603952456693782e-07 0.0002978630433991511 2.9558113830680674e-05 2.9558113830680722e-05 -2.0491467610722986e-06 0.00042055133504618043 0.0012198676803527179 -0.0012498180049551248 0.0 0.0 8.034330783783595e-08 8.034330783783218e-08 0.0 -7.406581805957994e-06 1.515470044320978e-06 -1.515470044320978e-06 7.406581805957994e-06 0.0 0.0 0.0 1.2970999020666543e-07 1.2970999020664256e-07 0.0 -2.6511294595076167e-07 -2.651129459507353e-07 0.0 0.0 -0.0008344169381748545 0.0008144211803501137 -2.015269085173515e-05 -2.015269085173522e-05 3.4342313544315736e-20 -3.021787752638644e-20 3.021787752638647e-20 -3.4342313544315784e-20 0.0 -2.9344275069556507e-07 -2.934427506955288e-07 1.5722052235306013e-06 1.5722052235305926e-06 1.5722052235305926e-06 1.5722052235306013e-06 0.0001518199100301596 2.1133680243361933e-07 2.1133680243363222e-07 0.0 0.0 -5.457446676440187e-07 -5.457446676439917e-07 0.0 -8.558865449449805e-07 -8.558865449452195e-07 0.0 0.0 0.0 0.0 -8.768881830120192e-05 -8.768881830120192e-05 -0.00016160741828875126 -0.0001616074182887513 0.0 0.0 0.00012120790624046584 3.2013862681325e-07 3.20138626813265e-07 -2.9344275069540064e-07 -2.9344275069538274e-07 0.0 0.0 0.0 0.0 -9.432084187730213e-05 -9.432084187730213e-05 -1.0643698084280751e-05 -1.064369808428077e-05 1.064369808428077e-05 1.0643698084280751e-05 -1.452927477236337e-07 -1.452927477236312e-07 0.0 0.0 0.0 0.0 9.714642836858706e-06 9.714642836858672e-06 9.714642836858672e-06 9.714642836858706e-06 2.118737037289186e-06 2.1187370372891954e-06 0.0 0.0 1.7842763217110153e-07 1.7842763217109894e-07 0.0 0.0 0.00012066713406771357 0.0 0.0 -0.00010708729477879596 1.2970999020664076e-07 1.2970999020664137e-07 0.0 0.0 1.2802233554683464e-08 0.0 0.0007187770465521276 -0.0007127380694190801 0.0 0.0 0.0 -0.0018731608970605654 0.0018282729400323629 0.0012606232854057648 -0.0012915742460774488 -0.00016000413861669063 -0.00016000413861669063 0.0 0.0 4.377473813365538e-05 0.002168696236558483 -0.002187071439936882 0.0 0.0001518199100301596 -9.95810037616073e-07 -9.958100376160705e-07 0.0 0.0 2.1133680243375065e-07 2.1133680243372452e-07 -8.558865449451215e-07 -8.558865449451496e-07 0.0 0.0 -7.000783366490052e-05 3.2557354682200447e-07 3.255735468220047e-07 0.0 0.0 -1.3895601031447444e-05 -1.3895601031447395e-05 9.16492599404039e-09 7.668487202086282e-06 7.66848720208621e-06 0.0 0.0 -5.567220243928457e-05 0.0 0.0 0.0 0.0 0.0 0.0 0.0 0.0 3.563685380114181e-05 -8.977203518863331e-06 -8.977203518863299e-06 0.00012066713406771357 9.607322333830126e-05 1.1036156879790394e-07 1.1036156879789874e-07 6.4774619074823566e-21 -1.7551175523036956e-21 2.1238842976193694e-22 -2.123884297619903e-22 1.755117552303693e-21 -6.4774619074823e-21 1.2374656533439647e-07 1.237465653344023e-07 -6.344202020093087e-05 -0.00010708729477879596 -1.3446360061390195e-05 -1.3446360061390244e-05 -4.271222755189707e-05
-7.855097646679982e-06 -7.85509764668093e-06 -0.0 -0.004353464622239711 -2.872302722944393e-05 -5.3262526321587685e-05 0.0 0.0 0.016713429553046586 -0.004353464622239678 -7.855097646680455e-06 -7.85509764668093e-06 0.003439004509026767 0.0004205513350461806 0.00042055133504618065 -2.8723027229443925e-05 0.007778383035455641 0.0 0.0 1.5469454925745808e-06 1.5469454925743942e-06 1.1261775206000732e-06 1.1261775205998468e-06 0.0 0.0 0.0 0.0 0.0 0.0 -3.4684513006317333e-08 -3.4684513006319444e-08 -3.46845130063353e-08 -3.468451300632737e-08 -2.2683216366382753e-05 0.0 0.0 0.0 0.0 0.0 0.0 -0.00028673145691972615 -0.00028673145691972615 3.908699555646862e-20 5.2570199310198537e-20 -5.257019931019866e-20 -3.9086995556468734e-20 0.001422995620103172 -4.11320666661106e-06 -4.11320666661091e-06 2.2037705792284445e-05 2.2037705792284445e-05 2.2037705792284445e-05 2.2037705792284445e-05 0.0021280698350196175 2.962322097275141e-06 2.9623220972754636e-06 9.093981515446888e-08 9.093981515452308e-08 9.09398151545537e-08 9.093981515454664e-08 1.4978877786485493e-05 0.0 0.0 0.0 0.0 1.4611970396074722e-05 1.4611970396075006e-05 1.4611970396075006e-05 1.4611970396074722e-05 0.0 0.0 0.0 0.0 0.0013982078691744625 4.48740454799917e-06 4.4874045480000716e-06 -4.113206666611059e-06 -4.113206666610611e-06 1.7345638844278124e-06 1.7345638844276031e-06 2.5221437929712457e-05 2.5221437929712457e-05 2.5221437929712457e-05 2.5221437929712457e-05 0.0 0.0 0.0 0.0 2.421076449229226e-08 2.4210764492328013e-08 2.421076449238886e-08 2.4210764492351223e-08 -0.00011190459966791037 -0.00011190459966791037 0.0 0.0 0.0 0.0 -5.665512903807058e-07 -5.665512903805532e-07 -5.665512903805532e-07 -5.665512903806977e-07 -2.9732174861464692e-08 -2.9732174861451073e-08 -2.9732174861448208e-08 -2.973217486146254e-08 0.0016913992903615724 1.6529088784393212e-05 -0.0008248733140448873 -0.0015010497746134799 -3.4684513006313105e-08 -3.46845130062851e-08 -3.468451300633477e-08 -3.4684513006362775e-08 1.794497641388618e-07 -0.0008270689583020522 0.0 0.0 1.1261775205999374e-06 1.1261775206000052e-06 0.0017479450061149639 0.0 0.0 0.0 0.0 0.0 0.0 0.0 0.0 0.0008110819636759363 0.0 0.0 -0.001705518480120493 0.0021280698350196175 0.0 0.0 0.0 0.0 2.9623220972754636e-06 2.962322097275356e-06 0.0 0.0 0.0 0.0 -0.0008075834899740329 0.0 0.0 0.0 0.0 -0.00019770590229538067 -0.00019770590229538067 1.2846538074436303e-07 0.0 0.0 0.0 0.0 -0.001031524600758327 -2.8617600898905274e-05 4.487404547999531e-06 4.487404547999801e-06 -0.0008248733140448873 0.0003404996794280738 0.0003404996794280738 -0.0022230161134499703 -0.001580797385476579 0.000660298852548469 -0.00012772719350314155 -0.00012772719350314155 0.0016913992903615724 0.0011082638175604407 1.5469454925746117e-06 1.5469454925744254e-06 -7.620993559628908e-20 -8.386074476675079e-21 3.4951570725544875e-20 -3.4951570725545856e-20 8.386074476674903e-21 7.620993559628991e-20 1.734563884427638e-06 1.734563884427847e-06 -0.0007318427867674109 -0.0015010497746134799 -0.0001913141247010034 -0.0001913141247010034 -0.0007913951944153703
3.58453399255991e-05 3.58453399255996e-05 -0.0 0.004260287384658267 -0.0018759860539285496 -0.0035265032490114957 -0.00031058313801145406 -0.0003105831380114541 -0.004353464622239678 0.004270426437914414 0.0 0.0 -0.00352650324901152 -0.000310583138011454 -0.0003105831380114539 -0.0019017469850072639 -0.0043534646222396466 0.00014128820014095895 0.00014128820014095897 -7.059210403468325e-06 -7.059210403468325e-06 -5.139110658864162e-06 -5.139110658864138e-06 6.654253771505119e-22 -2.8719537446236807e-20 -5.777049684034687e-21 5.777049684034766e-21 2.87195374462367e-20 -6.654253771500978e-22 -2.2964559936298773e-06 -2.2964559936298735e-06 -2.2964559936298743e-06 -2.2964559936298726e-06 -0.0014969780173054617 1.602990799342023e-06 1.6029907993420223e-06 1.602990799342017e-06 1.6029907993420123e-06 9.43283477229855e-05 9.432834772298549e-05 0.00021175525610195854 0.00021175525610195854 -4.39383922053895e-20 -2.861688962160344e-20 2.8616889621603106e-20 4.3938392205389104e-20 -0.0006109820674590093 0.0 0.0 0.0 0.0 0.0 0.0 -0.0017220573832838104 6.683815297212128e-06 6.6838152972119575e-06 6.021110445838427e-06 6.021110445838346e-06 6.021110445838367e-06 6.021110445838301e-06 0.0009885304803381213 8.277928447639852e-06 8.277928447639834e-06 8.277928447639922e-06 8.277928447639868e-06 0.0 0.0 0.0 0.0 0.0 0.0 0.0 0.0 -0.001888617502992251 -2.0477471909557025e-05 -2.047747190955712e-05 -9.280528158694942e-06 -9.280528158695177e-06 -7.915373539150674e-06 -7.915373539150674e-06 0.0 0.0 0.0 0.0 0.0 0.0 0.0 0.0 0.0 0.0 0.0 0.0 -2.3587452442588413e-05 -2.3587452442588426e-05 -9.86504136486534e-05 -9.86504136486535e-05 -9.86504136486535e-05 -9.86504136486534e-05 -3.7511269258878805e-05 -3.7511269258878845e-05 -3.7511269258878845e-05 -3.751126925887881e-05 -1.9685624864271026e-06 -1.9685624864271072e-06 -1.968562486427107e-06 -1.9685624864271043e-06 -0.0013647898834016439 0.0010943882937396244 0.0009347681704704458 0.0012111968821015998 0.0 0.0 0.0 0.0 5.85265645777922e-06 0.0004325667113742231 -2.3587452442588518e-05 -2.3587452442588514e-05 0.0 0.0 -0.0007545410214723397 0.0002117552561019586 0.00021175525610195856 0.00014600861873745444 0.00014600861873745446 0.0 0.0 0.0 0.0 -0.0007505034018048005 7.177113379665155e-05 7.177113379665156e-05 0.0007322870094273478 -0.0017220573832838104 0.0 0.0 0.0 0.0 0.0 0.0 0.0 0.0 0.0 0.0 0.0010908365972743751 -1.9685624864271093e-06 -1.968562486427105e-06 -1.9685624864271055e-06 -1.968562486427109e-06 0.0001460086187374544 0.0001460086187374544 4.189828522888196e-06 -7.416776059329692e-05 -7.416776059329667e-05 -7.41677605932967e-05 -7.416776059329688e-05 0.0009544814908789859 -0.001894766724723852 0.0 0.0 0.0009347681704704458 7.177113379665125e-05 7.177113379665129e-05 0.0009596164885760084 0.0008267754695913087 -0.0006142690788251749 9.432834772298548e-05 9.432834772298548e-05 -0.0013647898834016439 -0.001501852085104354 0.0 0.0 0.0 0.0 0.0 0.0 0.0 0.0 0.0 0.0 0.0009917490744168187 0.0012111968821015998 0.00014128820014095892 0.00014128820014095892 0.0007362266270552324
-0.0007718781861518435 -0.0007718781861518435 0.0 3.5845339925598445e-05 -7.492863369872598e-05 -6.362984375894155e-06 -5.603952456691431e-07 -5.603952456693017e-07 -7.855097646680455e-06 0.0 0.007732721412322192 0.007546490648042145 -6.362984375894339e-06 -5.603952456690819e-07 -5.603952456693526e-07 0.0 -7.855097646679982e-06 2.5493088947162177e-07 2.5493088947167015e-07 0.00015201001115355573 0.00015201001115355573 0.0001106634062344253 0.0001106634062344253 -1.472672204912147e-20 -1.2041618162612567e-20 3.843144712323204e-21 -3.8431447123232525e-21 1.2041618162612713e-20 1.4726722049121743e-20 6.388660224808923e-05 0.0 6.388660224808923e-05 0.0 -1.6237396714292422e-05 -4.4594643175825553e-05 0.0 -4.4594643175825553e-05 0.0 1.7019970219326534e-07 1.7019970219323302e-07 3.8207688776911113e-07 3.820768877692685e-07 1.8660230220802595e-20 -7.64650870139893e-21 7.646508701399034e-21 -1.8660230220802568e-20 -1.0231163153923002e-05 0.0035520628546718584 0.0036401832672570663 2.9042827254571568e-05 2.9042827254571544e-05 2.9042827254571544e-05 2.9042827254571568e-05 0.0 0.0 0.0 0.0 -0.0001675051859091224 0.0 -0.00016750518590912238 1.0722376272640245e-05 0.0 -0.00023028907309327127 0.0 -0.00023028907309327127 0.0 8.126183253626575e-07 0.0 8.126183253626664e-07 0.0 1.3128710239239238e-06 0.0 1.3128710239239099e-06 -2.048542549264704e-05 0.00044095310317412084 0.00044095310317412084 0.0 0.0 0.00017044626115403656 0.00017044626115403656 1.40264468775473e-06 0.0 1.4026446877547304e-06 0.0 1.7798418898993196e-05 -1.7798418898993067e-05 1.7798418898993067e-05 -1.7798418898993196e-05 0.0 2.2603305232487474e-06 0.0 2.260330523248729e-06 -4.255960671566613e-08 -4.255960671559509e-08 -1.7799814615166525e-07 -1.7799814615168256e-07 -1.7799814615168256e-07 -1.7799814615166525e-07 0.0 -7.823509703634513e-07 0.0 -7.823509703634437e-07 -4.1057175667621934e-08 0.0 -4.1057175667626096e-08 0.0 -2.4625347238507307e-06 0.0 1.6866325773141279e-06 2.185401881907983e-06 0.0 -3.2381655464459166e-06 0.0 -3.2381655464459136e-06 0.0 7.804941699054193e-07 -4.2559606715655926e-08 -4.255960671561437e-08 -0.0010906226878388632 -0.0010999427167979327 0.0 0.0 0.0 0.0 0.0 8.126183253627179e-07 0.0 8.126183253627236e-07 0.0 -1.2567509196093275e-05 1.294989883012571e-07 1.2949898830138358e-07 1.2262467702380141e-05 0.0 8.490192039883607e-06 0.0 8.49019203988364e-06 0.0 -0.002558187598673557 -0.0026216517196332918 1.1672465211372137e-05 0.0 1.167246521137231e-05 0.0 1.1832068591290887e-05 -4.105717566762731e-08 0.0 -4.105717566762028e-08 0.0 2.634480940951732e-07 2.634480940950647e-07 0.0 0.0 -1.5468743291354873e-06 0.0 -1.5468743291355576e-06 1.598321191519714e-05 0.0 -0.004345731574319137 -0.004382868472875001 1.6866325773141279e-06 1.2949898830141463e-07 1.2949898830119848e-07 0.0 1.4917778388142633e-06 0.0 0.0 0.0 -2.4625347238507307e-06 0.0 -0.0014981064887114755 -0.0015109087126283724 0.0 -2.534172847079953e-06 1.238530485816696e-05 -1.238530485816696e-05 2.534172847079953e-06 0.0 -0.001694156451001226 -0.0016798015332919734 0.0 2.185401881907983e-06 0.0 0.0 0.0
-0.0007718781861518435 -0.0007718781861518435 0.0 3.584533992559932e-05 -7.492863369872607e-05 -6.362984375895326e-06 -5.603952456692196e-07 -5.603952456693782e-07 -7.85509764668093e-06 0.0 0.007546490648042145 0.007732721412322192 -6.362984375895203e-06 -5.60395245669168e-07 -5.603952456694388e-07 0.0 -7.855097646681087e-06 2.5493088947165655e-07 2.54930889471705e-07 0.00015201001115355573 0.00015201001115355573 0.0001106634062344253 0.0001106634062344253 -1.1893010487199022e-20 -1.888542830487055e-20 2.4428240878660347e-21 -2.442824087866094e-21 1.8885428304870792e-20 1.1893010487199322e-20 0.0 6.388660224808923e-05 0.0 6.388660224808923e-05 -1.6237396714292802e-05 0.0 -4.4594643175825553e-05 0.0 -4.4594643175825553e-05 1.7019970219328858e-07 1.7019970219325624e-07 3.820768877691699e-07 3.820768877693273e-07 7.515594849332372e-21 -1.8791144072869122e-20 1.8791144072869188e-20 -7.5155948493323e-21 -1.0231163153923029e-05 0.0036401832672570663 0.0035520628546718584 2.9042827254571537e-05 2.9042827254571564e-05 2.9042827254571564e-05 2.9042827254571537e-05 0.0 0.0 0.0 -0.00016750518590912238 0.0 -0.0001675051859091224 0.0 1.0722376272640495e-05 -0.00023028907309327127 0.0 -0.00023028907309327127 0.0 8.126183253629265e-07 0.0 8.126183253629339e-07 0.0 1.312871023923856e-06 0.0 1.312871023923851e-06 0.0 -2.0485425492647417e-05 0.00044095310317412084 0.00044095310317412084 0.0 0.0 0.00017044626115403656 0.00017044626115403656 0.0 1.402644687754877e-06 0.0 1.4026446877548793e-06 -1.7798418898993067e-05 1.7798418898993196e-05 -1.7798418898993196e-05 1.7798418898993067e-05 2.260330523248728e-06 0.0 2.2603305232487482e-06 0.0 -4.255960671568177e-08 -4.255960671561074e-08 -1.7799814615168476e-07 -1.779981461517021e-07 -1.779981461517021e-07 -1.7799814615168476e-07 -7.823509703634602e-07 0.0 -7.823509703634482e-07 0.0 0.0 -4.105717566762177e-08 0.0 -4.105717566762637e-08 -2.462534723851085e-06 0.0 1.686632577314263e-06 2.1854018819082974e-06 -3.2381655464459145e-06 0.0 -3.2381655464459166e-06 0.0 0.0 7.804941699056254e-07 -4.255960671566285e-08 -4.2559606715621283e-08 -0.0010999427167979327 -0.0010906226878388632 0.0 0.0 0.0 0.0 0.0 0.0 8.126183253628721e-07 0.0 8.126183253628755e-07 -1.2567509196093392e-05 1.2949898830127815e-07 1.2949898830140465e-07 1.2262467702380174e-05 0.0 0.0 8.490192039883643e-06 0.0 8.49019203988361e-06 -0.0026216517196332918 -0.002558187598673557 0.0 1.1672465211372303e-05 0.0 1.1672465211372137e-05 1.1832068591291106e-05 0.0 -4.105717566762811e-08 0.0 -4.105717566762065e-08 2.634480940952137e-07 2.634480940951052e-07 0.0 -1.5468743291354591e-06 0.0 -1.5468743291355565e-06 0.0 1.598321191519729e-05 0.0 -0.004382868472875001 -0.004345731574319137 1.686632577314263e-06 1.2949898830146223e-07 1.294989883012461e-07 0.0 1.4917778388146572e-06 0.0 0.0 0.0 -2.462534723851085e-06 0.0 -0.0015109087126283724 -0.0014981064887114755 0.0 2.5341728470799435e-06 -1.2385304858167006e-05 1.2385304858167006e-05 -2.5341728470799435e-06 0.0 -0.0016798015332919734 -0.001694156451001226 0.0 2.1854018819082974e-06 0.0 0.0 0.0
-6.362984375894341e-06 -6.362984375894834e-06 -0.0 -0.0035265032490115213 -2.3266951183784603e-05 0.0039042997223224796 0.00029786304339915107 0.0002978630433991511 0.003439004509026767 -0.00352650324901152 -6.362984375894339e-06 -6.362984375895203e-06 0.005269253897118356 0.0 0.0 -2.3266951183784596e-05 -5.3262526321587685e-05 -0.00013550166811960785 -0.00013550166811960787 1.2530958165455917e-06 1.2530958165454945e-06 9.122547281242007e-07 9.122547281241299e-07 -4.206662501168472e-20 4.0753504833479436e-20 6.3571069465875565e-21 -6.357106946587648e-21 -4.075350483347953e-20 4.2066625011685107e-20 0.0 0.0 0.0 0.0 0.0012599788326525558 0.0 0.0 0.0 0.0 -9.046508098113702e-05 -9.046508098113701e-05 0.0 0.0 0.0 0.0 0.0 0.0 0.00029058509792163065 -3.33188343820692e-06 -3.3318834382065114e-06 1.7851538446008564e-05 1.7851538446008564e-05 1.7851538446008564e-05 1.7851538446008564e-05 0.0017238328178854545 2.3996148831192688e-06 2.399614883119437e-06 7.366536343683908e-08 7.366536343694222e-08 7.366536343684921e-08 7.366536343693024e-08 -0.0008320279030548674 1.0127643614664889e-07 1.0127643614667996e-07 1.0127643614662321e-07 1.0127643614670699e-07 1.1836356912832271e-05 1.1836356912832383e-05 1.1836356912832383e-05 1.1836356912832271e-05 1.9122888980802902e-05 1.9122888980802902e-05 1.9122888980802902e-05 1.9122888980802902e-05 0.0021472899666574053 3.6350006469117974e-06 3.6350006469120795e-06 -3.3318834382067443e-06 -3.3318834382065105e-06 1.4050751998314325e-06 1.4050751998313237e-06 0.0 0.0 0.0 0.0 8.063014688688352e-20 -8.487618764335917e-20 8.487618764335947e-20 -8.06301468868838e-20 1.961181427937336e-08 1.961181427941798e-08 1.961181427939003e-08 1.9611814279405968e-08 0.0 0.0 0.0 0.0 0.0 0.0 0.0 0.0 0.0 0.0 -2.4084406408975935e-08 -2.408440640896921e-08 -2.408440640897033e-08 -2.4084406408974532e-08 0.0013701099263251216 -0.0009181370778726674 -0.0010687978289944079 -0.0012159182091570897 0.0 0.0 0.0 0.0 1.4536242538552502e-07 -0.00032052156985789307 7.884277788818562e-05 7.884277788818562e-05 9.122547281242095e-07 9.122547281241652e-07 0.0003569419073311756 -0.00020308270900389294 -0.00020308270900389294 -0.0001400287595073516 -0.0001400287595073516 0.0 0.0 0.0 0.0 -9.23144311581411e-06 -0.00023990024249060721 -0.00023990024249060721 -0.000348278130692371 0.0017238328178854545 0.0 0.0 0.0 0.0 2.399614883119563e-06 2.3996148831192688e-06 1.0127643614677455e-07 1.012764361465435e-07 1.0127643614664889e-07 1.0127643614667996e-07 -0.0012402418578027874 0.0 0.0 0.0 0.0 0.0 0.0 1.040627688349882e-07 -9.074065471063743e-07 -9.074065471067573e-07 -9.074065471067235e-07 -9.074065471064193e-07 1.1740441904670448e-05 0.0015896145763253378 3.6350006469121147e-06 3.6350006469119385e-06 -0.0010687978289944079 0.0 0.0 -0.00045395456309372064 -0.000612620815391747 -7.515283990674402e-06 0.0 0.0 0.0013701099263251216 0.0017020100003171004 1.2530958165456647e-06 1.2530958165454945e-06 0.0 0.0 0.0 0.0 0.0 0.0 1.4050751998313237e-06 1.4050751998315143e-06 -0.001123923493667732 -0.0012159182091570897 0.0 0.0 9.007375390599983e-06
